"gene, label"
YPO3371,0.284,0.284,0
YPO3372,0.284,0.284,0
YPO0241,0.284,0.284,0
YPO2889,0.284,0.284,0
YPO3441,0.284,0.284,0
YPO1222,fail
YPO0474,0.284,0.0,1
YPO3715,0.284,0.284,0
YPO3712,0.284,0.284,0
YPO3714,0.284,0.284,0
YPO3716,0.284,0.284,0
YPO3711,0.284,0.284,0
YPO3530,0.284,0.284,0
YPO2372,0.284,0.284,0
YPO2206,0.284,-0.0,1
YPO2208,0.284,-0.0,1
YPO3623,0.284,0.284,0
YPO1384,0.284,0.284,0
YPO0792,0.284,0.284,0
YPO0793,0.284,0.284,0
YPO0357,0.284,0.284,0
YPO0359,0.284,0.284,0
YPO0360,0.284,0.284,0
YPO0358,0.284,0.284,0
YPO1299,0.284,0.284,0
YPO1152,0.284,0.284,0
YPO1300,0.284,0.284,0
YPO1298,0.284,0.284,0
YPO0767,0.284,0.284,0
YPO0490,0.284,0.284,0
YPO3335,0.284,0.284,0
YPO2264,0.284,0.284,0
YPO3183,0.284,0.0,1
YPO4119,0.284,0.0,1
YPO2253,0.284,0.284,0
YPO2255,0.284,0.284,0
YPO2257,0.284,0.284,0
YPO2256,0.284,0.284,0
YPO4078,0.284,0.284,0
YPO3861,0.284,0.284,0
YPO3389,0.284,0.284,0
YPO1055,0.284,0.284,0
YPO0312,0.284,0.0,1
YPO3794,0.284,0.284,0
YPO1430,0.284,0.0,1
YPO3796,0.284,0.284,0
YPO3334,0.284,0.284,0
YPO3795,0.284,0.284,0
YPO3793,0.284,0.284,0
YPO0068,0.284,0.0,1
YPO3825,0.284,0.284,0
YPO3937,0.284,0.284,0
YPO3824,0.284,0.284,0
YPO3221,0.284,0.284,0
YPO2627,0.284,0.284,0
YPO2776,0.284,0.272,0
YPO2066,0.284,0.284,0
YPO1351,0.284,0.284,0
YPO1508,0.284,0.284,0
YPO2777,0.284,0.272,0
YPO1350,0.284,0.284,0
YPO1352,0.284,0.284,0
YPO1349,0.284,0.284,0
YPO1599,0.284,0.0,1
YPO1507,0.284,0.284,0
YPO1601,0.284,0.0,1
YPO1509,0.284,0.284,0
YPO2775,0.284,0.272,0
YPO1137,0.284,0.284,0
YPO1200,0.284,0.284,0
YPO2757,0.284,0.0,1
YPO0577,0.284,0.284,0
YPO2157,0.284,0.284,0
YPO0461,0.284,0.284,0
YPO0929,0.284,0.284,0
YPO2829,0.284,0.284,0
YPO2306,0.284,0.284,0
YPO3380,0.284,0.284,0
YPO2539,0.284,0.284,0
YPO0038,0.284,0.284,0
YPO3384,0.284,0.0,1
YPO3924,0.284,0.0,1
YPO4118,0.284,0.0,1
YPO1600,0.284,0.0,1
YPO3942,0.284,0.284,0
YPO3857,0.284,0.284,0
YPO4080,0.284,0.284,0
YPO1570,0.284,-0.0,1
YPO3954,0.284,0.284,0
YPO3938,0.284,0.284,0
YPO0918,0.284,0.284,0
YPO3939,0.284,0.0,1
YPO2844,0.284,0.284,0
YPO3941,0.284,0.284,0
YPO3940,0.284,0.0,1
YPO2046,0.284,0.284,0
YPO2512,0.284,0.284,0
YPO3949,0.284,0.284,0
YPO2180,0.284,0.284,0
YPO2513,0.284,0.284,0
YPO2514,0.284,0.284,0
YPO1060,0.284,0.0,1
YPO2161,0.284,0.284,0
YPO0024,0.284,-0.0,1
YPO2623,0.284,0.284,0
YPO2630,0.284,0.284,0
YPO3658,0.284,0.0,1
YPO3659,0.284,0.0,1
YPO3222,0.284,0.284,0
YPO2768,0.284,0.0,1
YPO3301,0.284,0.284,0
YPO3971,0.284,0.284,0
YPO1629,0.284,0.284,0
YPO1939,0.284,0.284,0
YPO3866,0.284,0.284,0
YPO2772,0.284,-0.0,1
YPO3909,0.284,0.284,0
YPO2628,0.284,0.284,0
YPO3558,0.284,0.284,0
YPO1608,0.284,0.284,0
YPO3557,0.284,0.284,0
YPO0035,0.284,0.284,0
YPO2995,0.284,0.284,0
YPO2016,0.284,0.284,0
YPO2993,0.284,0.284,0
YPO2984,0.284,0.284,0
YPO3925,0.284,0.284,0
YPO0091,0.284,0.284,0
YPO1022,0.284,0.284,0
YPO0059,0.284,0.284,0
YPO2293,0.284,0.0,1
YPO1198,0.284,0.284,0
YPO2294,0.284,0.0,1
YPO1199,0.284,0.284,0
YPO3980,0.284,0.284,0
YPO1775,0.284,0.284,0
YPO0003,0.284,0.284,0
YPO0906,0.284,0.284,0
YPO2566,0.284,0.284,0
YPO0905,0.284,0.284,0
YPO1412,0.284,0.284,0
YPO0907,0.284,0.284,0
YPO3855,0.284,0.284,0
YPO3312,0.284,0.284,0
YPO3347,0.284,0.284,0
YPO4072,0.284,0.284,0
YPO1756,0.284,0.284,0
YPO1757,0.284,0.284,0
YPO4071,0.284,0.284,0
YPO1758,0.284,0.284,0
YPO3403,0.284,0.284,0
YPO0654,0.284,-0.0,1
YPO1074,0.284,0.0,1
YPO2614,0.284,0.284,0
YPO3016,0.284,0.284,0
YPO3428,0.284,0.284,0
YPO3024,0.284,0.284,0
YPO2612,0.284,0.284,0
YPO2613,0.284,0.284,0
YPO2870,0.284,0.0,1
YPO3244,0.284,0.284,0
YPO1597,0.284,0.284,0
YPO1541,0.284,0.284,0
YPO3928,0.284,0.284,0
YPO2615,0.284,0.284,0
YPO3953,0.284,0.284,0
YPO2509,0.284,0.284,0
YPO3827,0.284,0.284,0
YPO3588,0.284,0.0,1
YPO3589,0.284,0.0,1
YPO2383,0.284,0.284,0
YPO3719,0.284,0.284,0
YPO2221,0.284,0.284,0
YPO1327,0.284,0.284,0
YPO3415,0.284,0.284,0
YPO0066,0.284,0.284,0
YPO0459,0.284,0.284,0
YPO3095,0.284,0.284,0
YPO1962,0.284,0.284,0
YPO3977,0.284,0.284,0
YPO3144,0.284,0.284,0
YPO2929,0.284,0.284,0
YPO0116,0.284,0.284,0
YPO0935,0.284,0.284,0
YPO2710,0.284,0.0,1
YPO1505,0.284,0.0,1
YPO2222,0.284,0.0,1
YPO0348,0.284,0.284,0
YPO0253,0.284,0.284,0
YPO2837,0.284,0.284,0
YPO0181,0.284,0.284,0
YPO3225,0.284,0.284,0
YPO3408,0.284,0.284,0
YPO3992,0.284,0.284,0
YPO0579,0.284,0.284,0
YPO0251,0.284,0.284,0
YPO1435,0.284,0.284,0
YPO1603,0.284,0.0,1
YPO0311,0.284,0.284,0
YPO1773,0.284,0.0,1
YPO0347,0.284,0.284,0
YPO3407,0.284,-0.0,1
YPO0254,0.284,0.284,0
YPO1410,0.284,0.0,1
YPO0169,0.284,0.0,1
YPO3168,0.284,0.284,0
YPO2977,0.284,0.284,0
YPO3118,0.284,0.0,1
YPO3412,0.284,0.0,1
YPO3848,0.284,0.284,0
YPO2053,0.284,0.284,0
YPO3211,0.284,0.284,0
YPO3070,0.284,0.284,0
YPO2983,0.284,0.284,0
YPO2774,0.284,0.284,0
YPO2423,0.284,0.284,0
YPO1963,0.284,0.284,0
YPO1548,0.284,0.0,1
YPO1549,0.284,0.0,1
YPO3385,0.284,0.284,0
YPO1546,0.284,0.0,1
YPO2425,0.284,0.284,0
YPO0683,0.284,0.284,0
YPO0682,0.284,0.284,0
YPO2193,0.284,0.284,0
YPO4120,0.284,0.213,0
YPO4127,0.284,0.213,0
YPO4126,0.284,0.213,0
YPO4125,0.284,0.213,0
YPO2878,0.284,0.284,0
YPO4123,0.284,0.213,0
YPO4121,0.284,0.213,0
YPO0144,0.284,0.284,0
YPO3123,0.284,0.284,0
YPO3849,0.284,0.284,0
YPO4124,0.284,0.213,0
YPO4128,0.284,0.284,0
YPO2368,0.284,0.284,0
YPO4122,0.284,0.213,0
YPO3364,0.284,0.284,0
YPO2859,0.284,0.284,0
YPO1636,0.284,0.0,1
YPO1166,0.284,0.284,0
YPO3831,0.284,0.284,0
YPO3400,0.284,0.0,1
YPO0794,0.284,0.284,0
YPO0378,0.284,-0.0,1
YPO1238,0.284,0.284,0
YPO2626,0.284,0.284,0
YPO1151,0.284,0.284,0
YPO0460,0.284,0.284,0
YPO3727,0.284,0.284,0
YPO3423,0.284,0.284,0
YPO1547,0.284,-0.0,1
YPO1023,0.284,0.284,0
YPO3627,0.284,0.284,0
YPO1641,0.284,0.0,1
YPO3624,0.284,0.284,0
YPO2528,0.284,0.284,0
YPO3626,0.284,0.284,0
YPO1615,0.284,0.284,0
YPO3725,0.284,0.284,0
YPO3162,0.284,0.284,0
YPO1958,0.284,0.284,0
YPO1545,0.284,0.0,1
YPO1543,0.284,0.0,1
YPO3319,0.284,0.284,0
YPO0058,0.284,0.0,1
YPO2205,0.284,0.0,1
YPO3804,0.284,0.284,0
YPO0672,0.284,0.0,1
YPO3927,0.284,0.284,0
YPO1207,0.284,0.284,0
YPO3807,0.284,0.284,0
YPO3808,0.284,0.284,0
YPO3806,0.284,0.284,0
YPO3576,0.284,0.284,0
YPO3728,0.284,-0.0,1
YPO3805,0.284,0.284,0
YPO3202,0.284,0.284,0
YPO3077,0.284,-0.0,1
YPO3076,0.284,0.0,1
YPO3899,0.284,-0.0,1
YPO2214,0.284,0.284,0
YPO0475,0.284,0.284,0
YPO3417,0.284,0.284,0
YPO2871,0.284,0.0,1
YPO0481,0.284,-0.0,1
YPO3132,0.284,0.284,0
YPO0482,0.284,-0.0,1
YPO1114,0.284,0.284,0
YPO0532,0.284,0.0,1
YPO1113,0.284,0.284,0
YPO3820,0.284,0.284,0
YPO0531,0.284,0.0,1
YPO1129,0.284,0.284,0
YPO0530,0.284,0.0,1
YPO4000,0.284,0.284,0
YPO0533,0.284,0.0,1
YPO3999,0.284,0.284,0
YPO4002,0.284,0.284,0
YPO3986,0.284,0.284,0
YPO2690,0.284,0.284,0
YPO2014,0.284,0.284,0
YPO4001,0.284,0.284,0
YPO2692,0.284,0.284,0
YPO4003,0.284,0.284,0
YPO2390,0.284,0.284,0
YPO2691,0.284,0.284,0
YPO1168,0.284,0.284,0
YPO3767,0.284,0.284,0
YPO0557,0.284,0.284,0
YPO1400,0.284,0.0,1
YPO0321,0.284,0.284,0
YPO2494,0.284,0.284,0
YPO3578,0.284,0.0,1
YPO3854,0.284,0.284,0
YPO2021,0.284,0.0,1
YPO3285,0.284,0.284,0
YPO0006,0.284,0.284,0
YPO2751,0.284,0.0,1
YPO1357,0.284,0.284,0
YPO0239,0.284,0.284,0
YPO2907,0.284,0.125,0
YPO0310,0.284,0.284,0
YPO3762,0.284,0.284,0
YPO2188,0.284,0.0,1
YPO3305,0.284,0.284,0
YPO2675,0.284,0.284,0
YPO3388,0.284,0.284,0
YPO4048,0.284,0.284,0
YPO3837,0.284,0.284,0
YPO1502,0.284,0.284,0
YPO3353,0.284,0.284,0
YPO3094,0.284,0.284,0
YPO2418,0.284,0.284,0
YPO3249,0.284,0.284,0
YPO1083,0.284,0.284,0
YPO1395,0.284,0.0,1
YPO0616,0.284,0.284,0
YPO3032,0.284,0.284,0
YPO1177,0.284,0.284,0
YPO0946,0.284,0.284,0
YPO2394,0.284,0.284,0
YPO2616,0.284,0.284,0
YPO2329,0.284,0.284,0
YPO0676,0.284,0.284,0
YPO0322,0.284,0.0,1
YPO1075,0.284,0.284,0
YPO2645,0.284,0.284,0
YPO2610,0.284,0.284,0
YPO2647,0.284,0.284,0
YPO2381,0.284,0.284,0
YPO2646,0.284,0.284,0
YPO0581,0.284,0.284,0
YPO1569,0.284,0.284,0
YPO0126,0.284,0.284,0
YPO0465,0.284,0.284,0
YPO1057,0.284,0.0,1
YPO3023,0.284,0.284,0
YPO3080,0.284,0.284,0
YPO3020,0.284,0.284,0
YPO1150,0.284,0.284,0
YPO1108,0.284,0.284,0
YPO3830,0.284,0.284,0
YPO0162,0.284,0.284,0
YPO3781,0.284,0.284,0
YPO0888,0.284,0.284,0
YPO3377,0.284,-0.0,1
YPO0122,0.284,0.284,0
YPO3739,0.284,0.284,0
YPO0329,0.284,0.284,0
YPO1845,0.284,0.196,0
YPO0334,0.284,0.284,0
YPO2288,0.284,0.284,0
YPO4067,0.284,0.284,0
YPO1414,0.284,0.284,0
YPO2496,0.284,0.284,0
YPO3011,0.284,0.284,0
YPO3726,0.284,0.0,1
YPO3230,0.284,0.284,0
YPO3099,0.284,0.284,0
YPO1028,0.284,0.284,0
YPO3073,0.284,0.284,0
YPO2263,0.284,0.284,0
YPO1118,0.284,0.284,0
YPO1117,0.284,0.284,0
YPO1598,0.284,0.0,1
YPO3722,0.284,0.284,0
YPO1194,0.284,0.284,0
YPO3164,0.284,0.284,0
YPO3166,0.284,0.284,0
YPO3393,0.284,0.284,0
YPO3167,0.284,0.284,0
YPO3165,0.284,0.284,0
YPO3788,0.284,0.284,0
YPO0145,0.284,0.284,0
YPO3525,0.284,0.284,0
YPO1512,0.284,0.284,0
YPO0549,0.284,0.284,0
YPO1524,0.284,0.284,0
YPO2158,0.284,0.284,0
YPO2604,0.284,0.284,0
YPO1522,0.284,0.284,0
YPO1391,0.284,0.284,0
YPO2601,0.284,0.284,0
YPO1661,0.284,0.284,0
YPO3506,0.284,0.284,0
YPO2147,0.284,0.284,0
YPO0313,0.284,0.284,0
YPO1176,0.284,0.284,0
YPO1441,0.284,0.284,0
YPO2752,0.284,0.284,0
YPO3516,0.284,0.284,0
YPO2899,0.284,0.284,0
YPO0796,0.284,0.284,0
YPO3845,0.284,0.284,0
YPO1511,0.284,0.284,0
YPO3034,0.284,0.284,0
YPO0658,0.284,0.0,1
YPO1525,0.284,0.284,0
YPO3200,0.284,0.284,0
YPO2879,0.284,0.284,0
YPO3360,0.284,0.284,0
YPO0452,0.284,0.284,0
YPO2744,0.284,0.284,0
YPO3990,0.284,0.284,0
YPO0995,0.284,0.284,0
YPO3286,0.284,0.0,1
YPO0040,0.284,0.0,1
YPO2957,0.284,0.284,0
YPO3361,0.284,0.284,0
YPO0954,0.284,0.284,0
YPO1072,0.284,0.0,1
YPO1025,0.284,0.284,0
YPO1073,0.284,0.0,1
YPO2438,0.284,0.284,0
YPO3897,0.284,-0.0,1
YPO0931,0.284,0.0,1
YPO0480,0.284,0.284,0
YPO1965,0.284,0.284,0
YPO3062,0.284,0.284,0
YPO0486,0.284,0.0,1
YPO2769,0.284,0.0,1
YPO4068,0.284,0.284,0
YPO1283,0.284,0.284,0
YPO0055,0.284,0.0,1
YPO1145,0.284,0.284,0
YPO3014,0.284,0.284,0
YPO0104,0.284,0.284,0
YPO3365,0.284,0.284,0
YPO0648,0.284,0.0,1
YPO3012,0.284,0.284,0
YPO3013,0.284,0.284,0
YPO3366,0.284,0.284,0
YPO3053,0.284,0.284,0
YPO1147,0.284,0.284,0
YPO1415,0.284,-0.0,1
YPO4054,0.284,0.284,0
YPO1587,0.284,0.0,1
YPO3015,0.284,0.284,0
YPO1146,0.284,0.284,0
YPO2164,0.284,0.284,0
YPO3401,0.284,0.284,0
YPO0070,0.284,0.284,0
YPO2824,0.284,0.284,0
YPO0117,0.284,0.0,1
YPO3501,0.284,0.0,1
YPO1771,0.284,0.284,0
YPO1321,0.284,0.284,0
YPO0584,0.284,0.284,0
YPO0152,0.284,0.0,1
YPO2448,0.284,0.284,0
YPO1379,0.284,0.284,0
YPO3736,0.284,0.284,0
YPO3176,0.284,0.284,0
YPO1501,0.284,0.284,0
YPO0477,0.284,0.284,0
YPO1617,0.284,0.284,0
YPO1966,0.284,0.284,0
YPO1964,0.284,0.284,0
YPO2552,0.284,0.284,0
YPO1215,0.284,0.284,0
YPO0158,0.284,0.284,0
YPO2550,0.284,0.284,0
YPO1610,0.284,0.284,0
YPO2553,0.284,0.284,0
YPO0246,0.284,0.284,0
YPO2548,0.284,0.284,0
YPO3325,0.284,0.284,0
YPO3323,0.284,0.284,0
YPO2551,0.284,0.284,0
YPO3215,0.284,0.0,1
YPO3324,0.284,0.284,0
YPO2830,0.284,0.284,0
YPO2054,0.284,0.284,0
YPO3411,0.284,0.0,1
YPO2544,0.284,0.284,0
YPO4061,0.284,0.284,0
YPO0565,0.284,0.284,0
YPO3375,0.284,0.284,0
YPO2555,0.284,0.284,0
YPO1290,0.284,0.284,0
YPO2554,0.284,0.284,0
YPO2549,0.284,0.284,0
YPO3430,0.284,0.0,1
YPO3888,0.284,0.0,1
YPO2523,0.284,0.284,0
YPO3171,0.284,0.284,0
YPO2545,0.284,0.284,0
YPO2546,0.284,0.284,0
YPO2547,0.284,0.284,0
YPO2524,0.284,0.284,0
YPO2543,0.284,0.284,0
YPO1109,0.284,0.284,0
YPO1106,0.284,0.0,1
YPO0436,0.284,0.284,0
YPO1110,0.284,0.284,0
YPO1112,0.284,0.284,0
YPO1111,0.284,0.284,0
YPO0670,0.284,0.284,0
YPO1115,0.284,0.284,0
YPO1116,0.284,0.284,0
YPO0015,0.284,0.284,0
YPO0463,0.284,0.284,0
YPO2303,0.284,0.284,0
YPO0185,0.284,0.284,0
YPO2141,0.284,0.284,0
YPO3859,0.284,0.284,0
YPO3914,0.284,0.284,0
YPO3862,0.284,0.284,0
YPO2302,0.284,0.284,0
YPO1396,0.284,0.0,1
YPO1413,0.284,0.284,0
YPO0891,0.284,0.284,0
YPO0832,0.284,0.284,0
YPO0345,0.284,0.284,0
YPO2142,0.284,0.284,0
YPO0844,0.284,0.284,0
YPO0470,0.284,0.284,0
YPO3868,0.284,0.284,0
YPO1041,0.284,0.284,0
YPO3064,0.284,0.284,0
YPO3270,0.284,0.284,0
YPO2883,0.284,0.284,0
YPO0521,0.284,0.284,0
YPO3142,0.284,0.284,0
YPO1605,0.284,0.0,1
YPO0522,0.284,0.284,0
YPO2176,0.284,0.284,0
YPO0520,0.284,0.284,0
YPO2607,0.284,-0.0,1
YPO0060,0.284,0.284,0
YPO4089,0.284,0.0,1
YPO0444,0.284,0.284,0
YPO0440,0.284,0.284,0
YPO3832,0.284,0.284,0
YPO2433,0.284,0.284,0
YPO0047,0.284,0.284,0
YPO1128,0.284,0.284,0
YPO2160,0.284,0.284,0
YPO3741,0.284,0.284,0
YPO3424,0.284,-0.0,1
YPO3743,0.284,0.284,0
YPO0159,0.284,0.284,0
YPO1048,0.284,0.284,0
YPO3177,0.284,0.284,0
YPO3038,0.284,0.284,0
YPO3172,0.284,0.284,0
YPO3742,0.284,0.284,0
YPO3037,0.284,0.284,0
YPO3173,0.284,0.284,0
YPO3036,0.284,0.284,0
YPO2908,0.284,0.284,0
YPO4039,0.284,0.284,0
YPO0926,0.284,-0.0,1
YPO0922,0.284,0.284,0
YPO2525,0.284,0.284,0
YPO2295,0.284,0.284,0
YPO0783,0.284,0.0,1
YPO3358,0.284,0.284,0
YPO3865,0.284,0.284,0
YPO3856,0.284,0.284,0
YPO1614,0.284,0.284,0
YPO3858,0.284,0.284,0
YPO3180,0.284,0.284,0
YPO2559,0.284,0.284,0
YPO3766,0.284,0.284,0
YPO3740,0.284,0.284,0
YPO2067,0.284,0.284,0
YPO0085,0.284,0.284,0
YPO2533,0.284,0.284,0
YPO0365,0.284,0.284,0
YPO1374,0.284,0.284,0
YPO1648,0.284,0.284,0
YPO3376,0.284,0.284,0
YPO3696,0.284,0.284,0
YPO2232,0.284,0.284,0
YPO3378,0.284,0.284,0
YPO3697,0.284,0.284,0
YPO3193,0.284,0.284,0
YPO2203,0.284,-0.0,1
YPO3141,0.284,0.284,0
YPO0945,0.284,0.284,0
YPO2204,0.284,-0.0,1
YPO1285,0.284,0.284,0
YPO2167,0.284,0.284,0
YPO0157,0.284,0.284,0
YPO3383,0.284,0.284,0
YPO0161,0.284,0.284,0
YPO2074,0.284,0.284,0
YPO3768,0.284,0.284,0
YPO1209,0.284,0.28,0
YPO0920,0.284,0.284,0
YPO0160,0.284,0.284,0
YPO2369,0.284,0.284,0
YPO2705,0.284,0.284,0
YPO1054,0.284,0.0,1
YPO3520,0.284,0.284,0
YPO0550,0.284,0.284,0
YPO3117,0.284,0.284,0
YPO3863,0.284,0.284,0
YPO4056,0.284,0.284,0
YPO3446,0.284,0.0,1
YPO3513,0.284,0.284,0
YPO3864,0.284,0.284,0
YPO4057,0.284,0.284,0
YPO1056,0.284,0.0,1
YPO3625,0.284,0.284,0
YPO3569,0.284,0.284,0
YPO0132,0.284,0.284,0
YPO1389,0.284,0.284,0
YPO2621,0.284,0.284,0
YPO0555,0.284,0.284,0
YPO2227,0.284,-0.0,1
YPO2982,0.284,0.284,0
YPO3390,0.284,0.284,0
YPO0553,0.284,0.284,0
YPO0556,0.284,0.284,0
YPO3392,0.284,0.284,0
YPO0909,0.284,0.284,0
YPO3760,0.284,0.284,0
YPO3391,0.284,0.284,0
YPO1324,0.284,0.284,0
YPO3910,0.284,0.284,0
YPO1766,0.284,0.284,0
YPO1049,0.284,0.284,0
YPO2773,0.284,0.284,0
YPO1139,0.284,0.284,0
YPO3769,0.284,0.284,0
YPO2635,0.284,0.284,0
YPO2174,0.284,0.284,0
YPO2420,0.284,0.284,0
YPO2422,0.284,0.284,0
YPO0088,0.284,0.284,0
YPO3779,0.284,0.284,0
YPO1138,0.284,0.284,0
YPO0893,0.284,0.284,0
YPO0551,0.284,0.284,0
YPO0960,0.284,0.0,1
YPO0561,0.284,0.0,1
YPO3519,0.284,0.284,0
YPO0045,0.284,0.0,1
YPO1046,0.284,0.284,0
YPO2527,0.284,0.284,0
YPO2421,0.284,0.284,0
YPO1851,0.284,0.284,0
YPO3851,0.284,0.284,0
YPO0942,0.284,0.284,0
YPO3850,0.284,0.284,0
YPO3402,0.284,0.284,0
YPO2223,0.284,0.284,0
YPO3734,0.284,0.284,0
YPO0552,0.284,0.284,0
YPO3418,0.284,0.284,0
YPO2827,0.284,0.284,0
YPO3419,0.284,0.284,0
YPO3075,0.284,0.0,1
YPO2370,0.284,0.284,0
YPO3443,0.284,0.284,0
YPO4082,0.284,-0.0,1
YPO2930,0.284,0.284,0
YPO4037,0.284,0.284,0
YPO0493,0.284,0.284,0
YPO2763,0.284,0.284,0
YPO4036,0.284,0.284,0
YPO4035,0.284,0.284,0
YPO0078,0.284,0.284,0
YPO4038,0.284,0.284,0
YPO1383,0.284,0.284,0
YPO2059,0.284,0.284,0
YPO1381,0.284,0.284,0
YPO3500,0.284,0.0,1
YPO2061,0.284,0.284,0
YPO0914,0.284,0.284,0
YPO2060,0.284,0.284,0
YPO3718,0.284,0.284,0
YPO0921,0.284,0.284,0
YPO1149,0.284,0.284,0
YPO0156,0.284,0.284,0
YPO1133,0.284,0.284,0
YPO2686,0.284,0.0,1
YPO3179,0.284,0.284,0
YPO2912,0.284,-0.0,1
YPO1867,0.284,0.0,1
YPO2734,0.284,0.284,0
YPO1540,0.284,0.0,1
YPO2735,0.284,0.284,0
YPO2736,0.284,0.284,0
YPO1539,0.284,0.0,1
YPO2428,0.284,0.284,0
YPO2816,0.284,0.284,0
YPO2429,0.284,0.284,0
YPO1050,0.284,0.284,0
YPO3967,0.284,0.284,0
YPO2298,0.284,-0.0,1
YPO3660,0.284,0.0,1
YPO4117,0.284,0.284,0
YPO3243,0.284,0.0,1
YPO3577,0.284,0.0,1
YPO4114,0.284,0.284,0
YPO2063,0.284,0.284,0
YPO4116,0.284,0.284,0
YPO1650,0.284,0.0,1
YPO4115,0.284,0.284,0
YPO3632,0.284,0.284,0
YPO3834,0.284,0.284,0
YPO1654,0.284,0.284,0
YPO3097,0.284,0.284,0
YPO1916,0.284,0.284,0
YPO3758,0.284,0.0,1
YPO3657,0.284,0.284,0
YPO3115,0.284,0.284,0
YPO1358,0.284,0.284,0
YPO3521,0.284,0.284,0
YPO3113,0.284,0.284,0
YPO3771,0.284,0.284,0
YPO2672,0.284,0.284,0
YPO3929,0.284,0.284,0
YPO0048,0.284,0.0,1
YPO2958,0.284,0.284,0
YPO2960,0.284,0.284,0
YPO1914,0.284,0.284,0
YPO0138,0.284,0.284,0
YPO2440,0.284,0.284,0
YPO1312,0.284,0.284,0
YPO1926,0.284,0.284,0
YPO1913,0.284,0.284,0
YPO2836,0.284,0.284,0
YPO2439,0.284,0.284,0
YPO0439,0.284,0.284,0
YPO2959,0.284,0.284,0
YPO1311,0.284,0.284,0
YPO3761,0.284,0.284,0
YPO2441,0.284,0.284,0
YPO2904,0.284,0.284,0
YPO2442,0.284,0.284,0
YPO1310,0.284,0.284,0
YPO0057,0.284,0.0,1
YPO2409,0.284,0.284,0
YPO0416,0.284,0.0,1
YPO3729,0.284,-0.0,1
YPO2828,0.284,0.0,1
YPO0056,0.284,0.0,1
YPO4090,0.284,0.284,0
YPO1542,0.284,-0.0,1
YPO2896,0.284,0.284,0
YPO3059,0.284,0.0,1
YPO3996,0.284,0.284,0
YPO0410,0.284,0.284,0
YPO2921,0.284,-0.0,1
YPO1544,0.284,-0.0,1
YPO0425,0.284,0.284,0
YPO1068,0.284,0.284,0
YPO0411,0.284,0.284,0
YPO1581,0.284,0.284,0
YPO2013,0.284,0.0,1
YPO1390,0.284,0.0,1
YPO0364,0.284,-0.0,1
YPO0442,0.284,0.284,0
YPO3273,0.284,0.0,1
YPO2567,0.284,0.284,0
YPO0053,0.284,0.0,1
YPO1334,0.284,0.284,0
YPO2846,0.284,0.284,0
YPO1331,0.284,0.284,0
YPO1332,0.284,0.284,0
YPO1333,0.284,0.284,0
YPO1171,0.284,0.284,0
YPO2393,0.284,0.284,0
YPO3786,0.284,0.284,0
YPO1127,0.284,0.0,1
YPO3464,0.284,0.284,0
YPO2391,0.284,0.0,1
YPO3182,0.284,0.0,1
YPO0008,0.284,0.284,0
YPO2254,0.284,0.284,0
YPO3326,0.284,0.284,0
YPO3300,0.284,0.284,0
YPO0007,0.284,0.284,0
YPO3906,0.284,0.284,0
YPO3908,0.284,0.284,0
YPO3907,0.284,0.284,0
YPO3318,0.284,0.284,0
YPO0958,0.284,0.284,0
YPO3964,0.284,0.284,0
YPO2499,0.284,0.284,0
YPO0330,0.284,0.284,0
YPO0328,0.284,0.284,0
YPO2649,0.284,0.284,0
YPO2648,0.284,0.284,0
YPO3455,0.284,0.284,0
YPO3454,0.284,0.284,0
YPO0155,0.284,0.284,0
YPO0915,0.284,0.284,0
