"gene, label"
SbBS512_E0234,0.983,0.983,0
SbBS512_E2898,0.983,0.983,0
SbBS512_E2386,0.983,0.983,0
SbBS512_E1614,0.983,0.983,0
SbBS512_E0238,0.983,0.983,0
SbBS512_E1832,0.983,0.983,0
SbBS512_E0724,0.983,0.983,0
SbBS512_E2389,0.983,0.983,0
SbBS512_E0498,0.983,0.983,0
SbBS512_E0496,0.983,0.983,0
SbBS512_E0035,0.983,-0.0,1
SbBS512_E2850,0.983,-0.0,1
SbBS512_E1488,0.983,-0.0,1
SbBS512_E1489,0.983,0.0,1
SbBS512_E1793,0.983,0.983,0
SbBS512_E2576,0.983,0.0,1
SbBS512_E0042,0.983,0.983,0
SbBS512_E0043,0.983,0.983,0
SbBS512_E4641,0.983,0.983,0
SbBS512_E2693,0.983,-0.0,1
SbBS512_E3027,0.983,0.983,0
SbBS512_E3026,0.983,0.972,0
SbBS512_E0114,0.983,0.983,0
SbBS512_E3490,0.983,0.983,0
SbBS512_E3973,0.983,0.983,0
SbBS512_E1312,0.983,0.983,0
SbBS512_E0369,0.983,0.983,0
SbBS512_E4412,0.983,0.983,0
SbBS512_E2641,0.983,0.983,0
SbBS512_E0658,0.983,0.983,0
SbBS512_E2346,0.983,0.983,0
SbBS512_E3489,0.983,0.0,1
SbBS512_E0173,0.983,0.0,1
SbBS512_E0335,0.983,-0.0,1
SbBS512_E2362,0.983,0.983,0
SbBS512_E2231,0.983,-0.0,1
SbBS512_E2701,0.983,0.0,1
SbBS512_E2372,0.983,0.983,0
SbBS512_E2265,0.983,0.0,1
SbBS512_E3593,0.983,-0.0,1
SbBS512_E0472,0.983,0.983,0
SbBS512_E0054,0.983,0.983,0
SbBS512_E2679,0.983,0.983,0
SbBS512_E2229,0.983,0.983,0
SbBS512_E0144,0.983,0.983,0
SbBS512_E1413,0.983,0.983,0
SbBS512_E0143,0.983,0.983,0
SbBS512_E3766,0.983,0.0,1
SbBS512_E0145,0.983,0.983,0
SbBS512_E1569,0.983,0.983,0
SbBS512_E1024,0.983,0.983,0
SbBS512_E1414,0.983,0.983,0
SbBS512_E1416,0.983,0.983,0
SbBS512_E1415,0.983,0.983,0
SbBS512_E0004,0.983,0.0,1
SbBS512_E1350,0.983,0.983,0
SbBS512_E1412,0.983,0.983,0
SbBS512_E0151,0.983,0.0,1
SbBS512_E3573,0.983,-0.0,1
SbBS512_E2230,0.983,0.0,1
SbBS512_E4128,0.983,0.983,0
SbBS512_E1896,0.983,0.0,1
SbBS512_E0342,0.983,0.0,1
SbBS512_E0033,0.983,-0.0,1
SbBS512_E2607,0.983,0.983,0
SbBS512_E1774,0.983,0.983,0
SbBS512_E1775,0.983,0.983,0
SbBS512_E1773,0.983,0.983,0
SbBS512_E1776,0.983,0.983,0
SbBS512_E2165,0.983,0.983,0
SbBS512_E2166,0.983,0.983,0
SbBS512_E1023,0.983,0.983,0
SbBS512_E1025,0.983,0.983,0
SbBS512_E3021,0.983,0.983,0
SbBS512_E1107,0.983,0.983,0
SbBS512_E1057,0.983,0.983,0
SbBS512_E1677,0.983,0.983,0
SbBS512_E0093,0.983,0.983,0
SbBS512_E4612,0.983,0.983,0
SbBS512_E4614,0.983,0.983,0
SbBS512_E3371,0.983,0.983,0
SbBS512_E3951,0.983,0.983,0
SbBS512_E3947,0.983,0.983,0
SbBS512_E1791,0.983,0.983,0
SbBS512_E4446,0.983,0.0,1
SbBS512_E3599,0.983,0.0,1
SbBS512_E0096,0.983,0.0,1
SbBS512_E3322,0.983,0.983,0
SbBS512_E2169,0.983,0.983,0
SbBS512_E2468,0.983,0.983,0
SbBS512_E2470,0.983,0.983,0
gabT,0.983,0.983,0
SbBS512_E4146,0.983,0.0,1
SbBS512_E2469,0.983,0.983,0
SbBS512_E2467,0.983,0.983,0
SbBS512_E0347,0.983,0.983,0
SbBS512_E2684,0.983,0.983,0
SbBS512_E1538,0.983,0.983,0
SbBS512_E2471,0.983,0.983,0
SbBS512_E2685,0.983,0.983,0
SbBS512_E3218,0.983,0.983,0
SbBS512_E4928,0.983,0.983,0
SbBS512_E2686,0.983,0.983,0
SbBS512_E2688,0.983,0.983,0
SbBS512_E3348,0.983,0.983,0
SbBS512_E4332,0.983,0.983,0
SbBS512_E2722,0.983,0.983,0
SbBS512_E3891,0.983,-0.0,1
SbBS512_E4722,0.983,0.983,0
SbBS512_E4315,0.983,0.983,0
SbBS512_E1343,0.983,0.983,0
SbBS512_E4724,0.983,0.983,0
ulaA,0.983,0.983,0
SbBS512_E3313,0.983,0.983,0
SbBS512_E1406,0.983,0.983,0
SbBS512_E4725,0.983,0.983,0
s0001,0.983,0.0,1
SbBS512_E2022,0.983,0.983,0
SbBS512_E0963,0.983,0.983,0
SbBS512_E2954,0.983,0.983,0
SbBS512_E2520,0.983,0.983,0
SbBS512_E4665,0.983,0.983,0
SbBS512_E3389,0.983,0.983,0
SbBS512_E4140,0.983,0.983,0
SbBS512_E0178,0.983,0.0,1
SbBS512_E0577,0.983,0.983,0
SbBS512_E2694,0.983,0.0,1
SbBS512_E0518,0.983,0.983,0
SbBS512_E4177,0.983,0.982,0
SbBS512_E1798,0.983,0.983,0
SbBS512_E3288,0.983,0.0,1
SbBS512_E2388,0.983,0.983,0
SbBS512_E1725,0.983,0.983,0
SbBS512_E3287,0.983,0.0,1
SbBS512_E2226,0.983,0.0,1
SbBS512_E3819,0.983,0.983,0
SbBS512_E0124,0.983,-0.0,1
SbBS512_E0825,0.983,0.983,0
SbBS512_E4588,0.983,0.983,0
SbBS512_E4838,0.983,0.0,1
SbBS512_E4137,0.983,0.983,0
SbBS512_E0824,0.983,0.983,0
SbBS512_E1403,0.983,0.983,0
SbBS512_E4839,0.983,0.983,0
SbBS512_E4929,0.983,0.983,0
SbBS512_E4931,0.983,0.983,0
SbBS512_E2763,0.983,0.983,0
SbBS512_E2764,0.983,0.972,0
SbBS512_E4529,0.983,0.983,0
SbBS512_E2223,0.983,0.983,0
SbBS512_E4065,0.983,0.983,0
SbBS512_E0002,0.983,0.983,0
SbBS512_E0166,0.983,0.0,1
SbBS512_E0341,0.983,-0.0,1
SbBS512_E2026,0.983,0.856,0
SbBS512_E0571,0.983,0.983,0
SbBS512_E2765,0.983,0.972,0
SbBS512_E4426,0.983,0.983,0
SbBS512_E4445,0.983,-0.0,1
SbBS512_E3352,0.983,0.983,0
nadB,0.983,0.983,0
SbBS512_E1522,0.983,0.0,1
SbBS512_E4668,0.983,0.983,0
SbBS512_E3044,0.983,0.0,1
SbBS512_E2390,0.983,-0.0,1
SbBS512_E4136,0.983,0.983,0
SbBS512_E1106,0.983,0.983,0
SbBS512_E4127,0.983,0.983,0
SbBS512_E4129,0.983,0.983,0
SbBS512_E2721,0.983,0.983,0
SbBS512_E4249,0.983,-0.0,1
SbBS512_E4248,0.983,-0.0,1
SbBS512_E2672,0.983,0.983,0
SbBS512_E3934,0.983,0.983,0
SbBS512_E3242,0.983,0.983,0
SbBS512_E2125,0.983,0.983,0
SbBS512_E4667,0.983,0.983,0
SbBS512_E2126,0.983,0.983,0
SbBS512_E4598,0.983,0.983,0
SbBS512_E2276,0.983,0.983,0
SbBS512_E2124,0.983,0.983,0
SbBS512_E2262,0.983,0.983,0
SbBS512_E3818,0.983,0.983,0
SbBS512_E2800,0.983,0.983,0
SbBS512_E0951,0.983,0.983,0
SbBS512_E1994,0.983,0.983,0
SbBS512_E4126,0.983,0.983,0
SbBS512_E1701,0.983,0.983,0
SbBS512_E2085,0.983,0.983,0
SbBS512_E2746,0.983,0.983,0
SbBS512_E1213,0.983,-0.0,1
SbBS512_E3094,0.983,0.905,0
SbBS512_E2083,0.983,0.983,0
SbBS512_E2084,0.983,0.983,0
SbBS512_E2801,0.983,0.983,0
SbBS512_E4183,0.983,0.403,0
SbBS512_E0484,0.983,0.983,0
SbBS512_E4189,0.983,0.403,0
SbBS512_E3552,0.983,0.983,0
SbBS512_E4190,0.983,0.403,0
SbBS512_E3551,0.983,0.983,0
SbBS512_E0486,0.983,0.983,0
SbBS512_E4185,0.983,0.403,0
SbBS512_E4182,0.983,0.983,0
SbBS512_E4187,0.983,0.403,0
SbBS512_E2816,0.983,0.983,0
SbBS512_E0217,0.983,0.972,0
SbBS512_E4186,0.983,0.403,0
SbBS512_E2233,0.983,0.0,1
SbBS512_E4188,0.983,0.403,0
SbBS512_E4443,0.983,-0.0,1
SbBS512_E2812,0.983,0.983,0
SbBS512_E4184,0.983,0.403,0
SbBS512_E2521,0.983,0.0,1
SbBS512_E2523,0.983,0.983,0
SbBS512_E4328,0.983,0.983,0
SbBS512_E3569,0.983,-0.0,1
SbBS512_E4329,0.983,0.0,1
SbBS512_E3570,0.983,0.0,1
SbBS512_E4433,0.983,0.983,0
SbBS512_E4758,0.983,-0.0,1
SbBS512_E2577,0.983,-0.0,1
SbBS512_E2526,0.983,0.983,0
ssuC,0.983,0.983,0
SbBS512_E4253,0.983,0.983,0
SbBS512_E2382,0.983,0.983,0
SbBS512_E4818,0.983,-0.0,1
ssuB,0.983,0.983,0
lptF,0.983,-0.0,1
SbBS512_E0323,0.983,0.983,0
SbBS512_E3571,0.983,-0.0,1
SbBS512_E0278,0.983,0.983,0
SbBS512_E0280,0.983,0.983,0
SbBS512_E0379,0.983,0.972,0
SbBS512_E0279,0.983,0.983,0
SbBS512_E1383,0.983,0.983,0
SbBS512_E1904,0.983,0.983,0
SbBS512_E1690,0.983,0.983,0
SbBS512_E4429,0.983,0.983,0
SbBS512_E0111,0.983,0.0,1
SbBS512_E3574,0.983,-0.0,1
SbBS512_E2065,0.983,0.983,0
ybcF,0.983,0.978,0
SbBS512_E1995,0.983,0.983,0
SbBS512_E0036,0.983,0.983,0
SbBS512_E4314,0.983,0.983,0
SbBS512_E0037,0.983,0.983,0
SbBS512_E0367,0.983,0.983,0
SbBS512_E3112,0.983,-0.0,1
SbBS512_E3735,0.983,-0.0,1
SbBS512_E3853,0.983,0.983,0
SbBS512_E2234,0.983,0.983,0
SbBS512_E3111,0.983,-0.0,1
SbBS512_E3350,0.983,0.983,0
SbBS512_E4394,0.983,0.983,0
SbBS512_E2928,0.983,0.983,0
SbBS512_E0672,0.983,0.983,0
SbBS512_E1141,0.983,0.983,0
SbBS512_E3472,0.983,0.0,1
SbBS512_E4852,0.983,0.983,0
SbBS512_E3847,0.983,0.983,0
SbBS512_E3078,0.983,0.983,0
SbBS512_E2958,0.983,0.983,0
SbBS512_E1372,0.983,0.0,1
SbBS512_E4586,0.983,0.983,0
SbBS512_E1859,0.983,0.983,0
yggF,0.983,0.983,0
SbBS512_E1811,0.983,0.983,0
SbBS512_E0845,0.983,0.983,0
SbBS512_E2228,0.983,0.0,1
SbBS512_E4407,0.983,0.983,0
SbBS512_E3736,0.983,0.0,1
osmF,0.983,0.983,0
SbBS512_E0844,0.983,0.983,0
SbBS512_E2073,0.983,0.0,1
SbBS512_E3069,0.983,0.983,0
fucK,0.983,0.983,0
SbBS512_E0843,0.983,0.983,0
yeaV,0.983,0.983,0
SbBS512_E3136,0.983,0.983,0
SbBS512_E2986,0.983,0.0,1
SbBS512_E4254,0.983,0.983,0
SbBS512_E2987,0.983,-0.0,1
SbBS512_E4105,0.983,0.983,0
SbBS512_E3072,0.983,0.983,0
SbBS512_E2707,0.983,0.0,1
SbBS512_E0408,0.983,0.0,1
SbBS512_E4558,0.983,-0.0,1
SbBS512_E3790,0.983,0.983,0
SbBS512_E4208,0.983,0.983,0
SbBS512_E0529,0.983,0.983,0
SbBS512_E0406,0.983,0.0,1
SbBS512_E0113,0.983,0.983,0
SbBS512_E2760,0.983,0.983,0
SbBS512_E0531,0.983,0.983,0
SbBS512_E0489,0.983,0.983,0
SbBS512_E0491,0.983,0.983,0
SbBS512_E0530,0.983,0.983,0
SbBS512_E0494,0.983,0.983,0
SbBS512_E4265,0.983,0.983,0
SbBS512_E0528,0.983,0.983,0
SbBS512_E0492,0.983,0.983,0
citT,0.983,0.983,0
SbBS512_E0034,0.983,0.983,0
SbBS512_E1418,0.983,0.983,0
SbBS512_E2545,0.983,0.983,0
SbBS512_E2563,0.983,0.983,0
SbBS512_E0142,0.983,0.983,0
SbBS512_E3397,0.983,0.983,0
SbBS512_E2761,0.983,0.983,0
SbBS512_E0147,0.983,0.983,0
SbBS512_E0332,0.983,0.983,0
SbBS512_E3468,0.983,0.983,0
SbBS512_E1779,0.983,0.983,0
SbBS512_E0485,0.983,0.983,0
SbBS512_E0493,0.983,0.983,0
SbBS512_E4281,0.983,0.983,0
SbBS512_E0966,0.983,0.983,0
SbBS512_E0784,0.983,0.983,0
SbBS512_E3467,0.983,0.983,0
SbBS512_E4909,0.983,0.983,0
SbBS512_E2410,0.983,0.0,1
SbBS512_E4750,0.983,0.983,0
SbBS512_E3774,0.983,0.983,0
SbBS512_E2222,0.983,0.983,0
SbBS512_E4406,0.983,0.983,0
SbBS512_E3433,0.983,0.983,0
SbBS512_E3315,0.983,0.983,0
SbBS512_E0401,0.983,0.983,0
SbBS512_E3434,0.983,0.983,0
SbBS512_E1421,0.983,0.983,0
SbBS512_E3124,0.983,0.0,1
SbBS512_E3108,0.983,0.983,0
SbBS512_E1309,0.983,-0.0,1
SbBS512_E4708,0.983,-0.0,1
SbBS512_E0566,0.983,0.983,0
SbBS512_E0574,0.983,0.983,0
SbBS512_E2571,0.983,0.0,1
SbBS512_E0103,0.983,0.983,0
SbBS512_E3672,0.983,0.983,0
SbBS512_E2569,0.983,0.0,1
SbBS512_E0029,0.983,-0.0,1
SbBS512_E2381,0.983,0.983,0
SbBS512_E2807,0.983,0.983,0
SbBS512_E4700,0.983,0.983,0
SbBS512_E2808,0.983,0.983,0
SbBS512_E3332,0.983,0.983,0
SbBS512_E4342,0.983,0.983,0
SbBS512_E2743,0.983,0.983,0
SbBS512_E3045,0.983,0.983,0
SbBS512_E2216,0.983,0.983,0
SbBS512_E3201,0.983,0.983,0
SbBS512_E2424,0.983,0.983,0
SbBS512_E3202,0.983,0.983,0
SbBS512_E2866,0.983,0.983,0
SbBS512_E0355,0.983,0.983,0
SbBS512_E3200,0.983,0.983,0
SbBS512_E0638,0.983,0.0,1
SbBS512_E4046,0.983,0.983,0
SbBS512_E4683,0.983,0.983,0
SbBS512_E4316,0.983,0.98,0
SbBS512_E3093,0.983,-0.0,1
SbBS512_E4685,0.983,0.983,0
SbBS512_E3370,0.983,0.983,0
SbBS512_E0116,0.983,0.983,0
SbBS512_E0419,0.983,0.983,0
SbBS512_E3455,0.983,0.0,1
SbBS512_E4684,0.983,0.983,0
SbBS512_E3807,0.983,0.983,0
SbBS512_E4686,0.983,0.983,0
SbBS512_E4444,0.983,-0.0,1
SbBS512_E1544,0.983,0.983,0
SbBS512_E4498,0.983,0.0,1
SbBS512_E0795,0.983,0.983,0
SbBS512_E1047,0.983,0.983,0
frlB,0.983,0.983,0
SbBS512_E0452,0.983,0.0,1
SbBS512_E4214,0.983,0.983,0
SbBS512_E0451,0.983,-0.0,1
SbBS512_E3750,0.983,0.983,0
SbBS512_E3435,0.983,0.983,0
SbBS512_E2766,0.983,0.983,0
SbBS512_E3751,0.983,0.983,0
SbBS512_E3748,0.983,0.983,0
SbBS512_E0645,0.983,0.978,0
SbBS512_E2793,0.983,0.983,0
SbBS512_E0646,0.983,0.978,0
SbBS512_E0796,0.983,0.983,0
SbBS512_E0794,0.983,0.983,0
SbBS512_E3060,0.983,0.983,0
SbBS512_E0109,0.983,0.936,0
SbBS512_E1810,0.983,0.983,0
SbBS512_E1397,0.983,0.983,0
SbBS512_E0448,0.983,0.983,0
SbBS512_E1796,0.983,0.983,0
SbBS512_E2965,0.983,0.983,0
SbBS512_E2443,0.983,0.983,0
SbBS512_E2442,0.983,0.983,0
SbBS512_E1751,0.983,0.983,0
SbBS512_E0536,0.983,0.983,0
SbBS512_E1748,0.983,0.983,0
SbBS512_E4191,0.983,0.0,1
SbBS512_E2336,0.983,0.983,0
agp,0.983,0.983,0
ddpB,0.983,0.983,0
SbBS512_E2337,0.983,0.983,0
SbBS512_E1746,0.983,0.983,0
SbBS512_E0352,0.983,0.894,0
SbBS512_E1747,0.983,0.983,0
SbBS512_E0353,0.983,0.894,0
SbBS512_E1750,0.983,0.983,0
SbBS512_E1194,0.983,0.983,0
SbBS512_E0354,0.983,0.894,0
SbBS512_E0351,0.983,0.894,0
SbBS512_E4132,0.983,0.983,0
SbBS512_E0828,0.983,0.983,0
SbBS512_E0146,0.983,0.0,1
SbBS512_E0298,0.983,0.983,0
SbBS512_E0085,0.983,0.983,0
SbBS512_E0598,0.983,0.983,0
SbBS512_E0804,0.983,0.983,0
SbBS512_E1559,0.983,0.983,0
SbBS512_E2908,0.983,0.983,0
SbBS512_E1166,0.983,0.983,0
dadX,0.983,0.983,0
SbBS512_E4542,0.983,0.983,0
SbBS512_E2418,0.983,0.981,0
SbBS512_E4569,0.983,0.983,0
SbBS512_E4029,0.983,0.983,0
SbBS512_E4556,0.983,0.983,0
SbBS512_E2916,0.983,0.969,0
SbBS512_E1347,0.983,0.983,0
SbBS512_E4555,0.983,0.983,0
SbBS512_E2461,0.983,0.983,0
SbBS512_E3873,0.983,0.983,0
SbBS512_E3870,0.983,0.983,0
SbBS512_E3024,0.983,0.0,1
SbBS512_E3871,0.983,0.983,0
SbBS512_E2748,0.983,0.983,0
SbBS512_E4269,0.983,0.0,1
SbBS512_E3872,0.983,0.983,0
SbBS512_E0168,0.983,0.0,1
SbBS512_E4036,0.983,0.0,1
SbBS512_E2666,0.983,0.983,0
SbBS512_E3476,0.983,-0.0,1
SbBS512_E3180,0.983,0.983,0
SbBS512_E2574,0.983,0.0,1
SbBS512_E1167,0.983,0.983,0
SbBS512_E2623,0.983,0.983,0
SbBS512_E2724,0.983,0.983,0
SbBS512_E3808,0.983,0.983,0
SbBS512_E3867,0.983,0.983,0
SbBS512_E4389,0.983,0.983,0
SbBS512_E3868,0.983,0.983,0
SbBS512_E3865,0.983,0.983,0
SbBS512_E3866,0.983,0.983,0
SbBS512_E2624,0.983,0.983,0
SbBS512_E3932,0.983,0.983,0
SbBS512_E2625,0.983,0.983,0
SbBS512_E3862,0.983,0.983,0
SbBS512_E1908,0.983,0.983,0
SbBS512_E0240,0.983,0.982,0
SbBS512_E2988,0.983,0.983,0
SbBS512_E0573,0.983,0.983,0
SbBS512_E4749,0.983,0.982,0
SbBS512_E0007,0.983,0.983,0
SbBS512_E2127,0.983,0.976,0
SbBS512_E0675,0.983,0.983,0
SbBS512_E4099,0.983,0.0,1
SbBS512_E4149,0.983,0.0,1
SbBS512_E4898,0.983,0.983,0
SbBS512_E0271,0.983,0.983,0
adhP,0.983,0.983,0
SbBS512_E1359,0.983,0.983,0
SbBS512_E1536,0.983,0.983,0
yjjL,0.983,0.983,0
SbBS512_E1358,0.983,0.983,0
SbBS512_E4003,0.983,0.983,0
SbBS512_E1357,0.983,0.983,0
gudX,0.983,0.983,0
SbBS512_E0590,0.983,0.983,0
SbBS512_E1878,0.983,0.983,0
SbBS512_E3084,0.983,0.983,0
garP,0.983,0.983,0
SbBS512_E0678,0.983,0.983,0
SbBS512_E3895,0.983,0.983,0
SbBS512_E1187,0.983,0.983,0
SbBS512_E0204,0.983,0.983,0
SbBS512_E4056,0.983,0.983,0
SbBS512_E2029,0.983,0.983,0
SbBS512_E0677,0.983,0.983,0
SbBS512_E1144,0.983,0.983,0
SbBS512_E1809,0.983,0.983,0
SbBS512_E3893,0.983,0.983,0
SbBS512_E3430,0.983,0.983,0
SbBS512_E3894,0.983,0.983,0
SbBS512_E1146,0.983,0.983,0
SbBS512_E4346,0.983,0.983,0
SbBS512_E1145,0.983,0.983,0
SbBS512_E3440,0.983,0.983,0
SbBS512_E0570,0.983,0.983,0
SbBS512_E4432,0.983,0.983,0
SbBS512_E3529,0.983,0.983,0
SbBS512_E2538,0.983,0.983,0
SbBS512_E1401,0.983,0.983,0
SbBS512_E2537,0.983,0.983,0
SbBS512_E0823,0.983,0.983,0
SbBS512_E3527,0.983,0.983,0
SbBS512_E2539,0.983,0.983,0
SbBS512_E1147,0.983,0.983,0
SbBS512_E3797,0.983,0.983,0
SbBS512_E0816,0.983,0.983,0
SbBS512_E0239,0.983,0.982,0
SbBS512_E3553,0.983,0.983,0
SbBS512_E1755,0.983,0.983,0
SbBS512_E3554,0.983,0.983,0
SbBS512_E2578,0.983,-0.0,1
SbBS512_E4305,0.983,0.983,0
SbBS512_E4854,0.983,0.983,0
SbBS512_E0817,0.983,0.983,0
SbBS512_E4853,0.983,0.983,0
ytfR,0.983,0.983,0
SbBS512_E4856,0.983,0.983,0
SbBS512_E3188,0.983,0.983,0
SbBS512_E3375,0.983,0.983,0
SbBS512_E4485,0.983,0.983,0
SbBS512_E1756,0.983,0.983,0
SbBS512_E0986,0.983,0.983,0
SbBS512_E4821,0.983,0.983,0
SbBS512_E2874,0.983,0.981,0
SbBS512_E1635,0.983,-0.0,1
SbBS512_E2014,0.983,0.949,0
SbBS512_E1180,0.983,0.983,0
SbBS512_E0420,0.983,0.983,0
SbBS512_E1682,0.983,0.983,0
SbBS512_E3089,0.983,0.983,0
SbBS512_E2690,0.983,-0.0,1
SbBS512_E4101,0.983,0.983,0
SbBS512_E4453,0.983,0.0,1
SbBS512_E1181,0.983,0.983,0
SbBS512_E2835,0.983,0.983,0
SbBS512_E3558,0.983,0.983,0
SbBS512_E4192,0.983,0.0,1
SbBS512_E1537,0.983,0.983,0
SbBS512_E2706,0.983,0.983,0
SbBS512_E3557,0.983,0.983,0
SbBS512_E1533,0.983,0.983,0
SbBS512_E1374,0.983,0.0,1
SbBS512_E3540,0.983,0.983,0
yihU,0.983,0.983,0
SbBS512_E2779,0.983,0.0,1
SbBS512_E3892,0.983,0.983,0
SbBS512_E0730,0.983,0.983,0
SbBS512_E0391,0.983,0.983,0
SbBS512_E4104,0.983,0.983,0
SbBS512_E0441,0.983,0.983,0
SbBS512_E2507,0.983,0.983,0
SbBS512_E1742,0.983,0.983,0
SbBS512_E4409,0.983,0.983,0
SbBS512_E2829,0.983,0.983,0
SbBS512_E3796,0.983,0.983,0
SbBS512_E4045,0.983,0.983,0
SbBS512_E3889,0.983,0.983,0
SbBS512_E3798,0.983,0.983,0
SbBS512_E2890,0.983,0.0,1
SbBS512_E2622,0.983,0.983,0
SbBS512_E3128,0.983,0.0,1
SbBS512_E3234,0.983,0.983,0
melB,0.983,0.983,0
SbBS512_E3232,0.983,0.983,0
SbBS512_E3326,0.983,0.983,0
SbBS512_E3086,0.983,0.983,0
SbBS512_E3127,0.983,-0.0,1
SbBS512_E3325,0.983,0.983,0
SbBS512_E3374,0.983,0.0,1
SbBS512_E3324,0.983,0.983,0
SbBS512_E2296,0.983,0.983,0
SbBS512_E0192,0.983,0.983,0
SbBS512_E4408,0.983,0.983,0
SbBS512_E0193,0.983,0.983,0
SbBS512_E4858,0.983,0.983,0
SbBS512_E0208,0.983,0.983,0
SbBS512_E0191,0.983,0.983,0
SbBS512_E3966,0.983,0.983,0
SbBS512_E2302,0.983,0.983,0
SbBS512_E3965,0.983,0.983,0
SbBS512_E0284,0.983,0.0,1
SbBS512_E4513,0.983,0.983,0
SbBS512_E1179,0.983,0.983,0
SbBS512_E4295,0.983,0.983,0
SbBS512_E4442,0.983,0.98,0
SbBS512_E4064,0.983,0.0,1
SbBS512_E3483,0.983,0.983,0
SbBS512_E0194,0.983,0.983,0
SbBS512_E3782,0.983,0.983,0
SbBS512_E4863,0.983,0.983,0
SbBS512_E0097,0.983,0.983,0
msrB,0.983,0.983,0
SbBS512_E2882,0.983,0.0,1
scpC,0.983,0.983,0
SbBS512_E1202,0.983,0.976,0
SbBS512_E2875,0.983,0.969,0
SbBS512_E4930,0.983,0.983,0
SbBS512_E0856,0.983,0.983,0
SbBS512_E3888,0.983,0.983,0
SbBS512_E4841,0.983,0.983,0
SbBS512_E3875,0.983,0.983,0
SbBS512_E3757,0.983,0.983,0
SbBS512_E2621,0.983,0.983,0
SbBS512_E4320,0.983,0.0,1
SbBS512_E4038,0.983,0.983,0
SbBS512_E2352,0.983,0.983,0
malZ,0.983,0.983,0
SbBS512_E2483,0.983,0.983,0
SbBS512_E1351,0.983,0.983,0
SbBS512_E3176,0.983,0.983,0
SbBS512_E1850,0.983,0.983,0
SbBS512_E0409,0.983,0.983,0
SbBS512_E4940,0.983,0.983,0
SbBS512_E2910,0.983,0.983,0
SbBS512_E3415,0.983,0.983,0
SbBS512_E3396,0.983,0.983,0
SbBS512_E3822,0.983,0.983,0
SbBS512_E3057,0.983,0.983,0
SbBS512_E1905,0.983,0.983,0
SbBS512_E1914,0.983,0.983,0
SbBS512_E4496,0.983,0.0,1
ggt,0.983,0.983,0
SbBS512_E2873,0.983,0.0,1
SbBS512_E2924,0.983,0.983,0
SbBS512_E2518,0.983,0.983,0
SbBS512_E2519,0.983,0.983,0
SbBS512_E3341,0.983,0.983,0
SbBS512_E2517,0.983,0.983,0
scpA,0.983,0.983,0
SbBS512_E1206,0.983,0.0,1
SbBS512_E2516,0.983,0.983,0
SbBS512_E2848,0.983,0.0,1
SbBS512_E3379,0.983,0.983,0
SbBS512_E2922,0.983,-0.0,1
SbBS512_E4016,0.983,0.983,0
SbBS512_E0813,0.983,-0.0,1
SbBS512_E1208,0.983,0.0,1
SbBS512_E1505,0.983,0.0,1
SbBS512_E0188,0.983,0.983,0
SbBS512_E4792,0.983,0.983,0
SbBS512_E4142,0.983,0.983,0
SbBS512_E2568,0.983,0.0,1
SbBS512_E1371,0.983,-0.0,1
SbBS512_E0118,0.983,0.983,0
SbBS512_E2420,0.983,0.0,1
SbBS512_E0235,0.983,0.983,0
SbBS512_E4692,0.983,0.0,1
SbBS512_E4058,0.983,0.0,1
SbBS512_E3528,0.983,0.983,0
SbBS512_E2359,0.983,0.983,0
SbBS512_E1552,0.983,0.983,0
SbBS512_E0684,0.983,0.983,0
SbBS512_E4935,0.983,0.961,0
SbBS512_E2456,0.983,0.983,0
SbBS512_E2951,0.983,0.0,1
SbBS512_E2794,0.983,0.983,0
SbBS512_E4557,0.983,-0.0,1
SbBS512_E2795,0.983,0.983,0
SbBS512_E2796,0.983,0.983,0
SbBS512_E2673,0.983,0.983,0
SbBS512_E0119,0.983,-0.0,1
SbBS512_E2797,0.983,0.983,0
SbBS512_E0350,0.983,0.983,0
SbBS512_E0686,0.983,0.983,0
SbBS512_E2824,0.983,0.983,0
SbBS512_E4055,0.983,0.983,0
SbBS512_E4397,0.983,0.983,0
SbBS512_E4048,0.983,0.983,0
SbBS512_E0685,0.983,0.983,0
SbBS512_E4059,0.983,0.0,1
SbBS512_E4047,0.983,0.983,0
patA,0.983,0.983,0
SbBS512_E4057,0.983,0.983,0
SbBS512_E1134,0.983,0.983,0
SbBS512_E2202,0.983,0.983,0
SbBS512_E0127,0.983,0.0,1
SbBS512_E0009,0.983,0.0,1
SbBS512_E2757,0.983,0.983,0
SbBS512_E0313,0.983,0.983,0
SbBS512_E2257,0.983,0.0,1
SbBS512_E2894,0.983,0.983,0
SbBS512_E2476,0.983,0.983,0
SbBS512_E2475,0.983,0.983,0
SbBS512_E1303,0.983,0.983,0
SbBS512_E2567,0.983,0.0,1
SbBS512_E2522,0.983,-0.0,1
SbBS512_E0445,0.983,0.971,0
SbBS512_E1212,0.983,-0.0,1
SbBS512_E4428,0.983,0.0,1
SbBS512_E1210,0.983,0.0,1
SbBS512_E2268,0.983,0.983,0
SbBS512_E2201,0.983,0.983,0
SbBS512_E2889,0.983,0.983,0
SbBS512_E2474,0.983,0.983,0
SbBS512_E2477,0.983,0.983,0
SbBS512_E1304,0.983,0.983,0
SbBS512_E4487,0.983,0.983,0
SbBS512_E2687,0.983,0.983,0
SbBS512_E2214,0.983,0.983,0
SbBS512_E0105,0.983,0.983,0
SbBS512_E1532,0.983,0.983,0
SbBS512_E4264,0.983,-0.0,1
SbBS512_E2659,0.983,0.861,0
SbBS512_E1135,0.983,0.983,0
SbBS512_E2664,0.983,0.861,0
SbBS512_E4293,0.983,0.983,0
SbBS512_E2791,0.983,0.983,0
SbBS512_E1877,0.983,0.983,0
SbBS512_E2535,0.983,0.983,0
SbBS512_E2130,0.983,0.983,0
SbBS512_E2655,0.983,0.861,0
SbBS512_E2656,0.983,0.861,0
SbBS512_E2660,0.983,0.861,0
SbBS512_E2654,0.983,0.861,0
SbBS512_E4291,0.983,0.983,0
SbBS512_E2657,0.983,0.861,0
SbBS512_E2661,0.983,0.861,0
SbBS512_E0133,0.983,0.0,1
SbBS512_E4303,0.983,0.983,0
SbBS512_E0443,0.983,0.983,0
SbBS512_E2653,0.983,0.861,0
SbBS512_E0003,0.983,0.0,1
SbBS512_E2658,0.983,0.861,0
SbBS512_E2652,0.983,0.861,0
SbBS512_E2663,0.983,0.861,0
SbBS512_E3462,0.983,0.983,0
SbBS512_E4507,0.983,-0.0,1
SbBS512_E1895,0.983,0.983,0
SbBS512_E2662,0.983,0.861,0
SbBS512_E1211,0.983,0.0,1
SbBS512_E3423,0.983,0.983,0
SbBS512_E3004,0.983,0.0,1
SbBS512_E3461,0.983,0.983,0
SbBS512_E0671,0.983,0.983,0
SbBS512_E1860,0.983,-0.0,1
SbBS512_E2343,0.983,0.983,0
SbBS512_E0336,0.983,0.0,1
SbBS512_E2341,0.983,0.983,0
SbBS512_E1984,0.983,0.0,1
SbBS512_E3421,0.983,0.983,0
SbBS512_E4447,0.983,0.983,0
SbBS512_E3422,0.983,0.983,0
SbBS512_E4167,0.983,0.983,0
SbBS512_E2342,0.983,0.983,0
SbBS512_E3424,0.983,0.983,0
SbBS512_E0055,0.983,0.983,0
SbBS512_E1788,0.983,0.983,0
SbBS512_E2905,0.983,0.0,1
SbBS512_E1789,0.983,0.983,0
SbBS512_E2904,0.983,0.0,1
SbBS512_E4266,0.983,0.0,1
SbBS512_E2387,0.983,0.983,0
SbBS512_E4728,0.983,0.983,0
SbBS512_E2903,0.983,0.0,1
SbBS512_E1344,0.983,0.983,0
SbBS512_E1315,0.983,-0.0,1
SbBS512_E0053,0.983,0.983,0
SbBS512_E2644,0.983,0.983,0
SbBS512_E3189,0.983,0.0,1
SbBS512_E0495,0.983,0.983,0
SbBS512_E0019,0.983,0.983,0
SbBS512_E2893,0.983,0.983,0
SbBS512_E0497,0.983,0.983,0
SbBS512_E0378,0.983,0.983,0
SbBS512_E4509,0.983,0.983,0
SbBS512_E4382,0.983,0.983,0
SbBS512_E1209,0.983,0.0,1
SbBS512_E2615,0.983,0.983,0
SbBS512_E1207,0.983,0.0,1
SbBS512_E2614,0.983,0.983,0
SbBS512_E3166,0.983,0.983,0
SbBS512_E1487,0.983,-0.0,1
SbBS512_E3203,0.983,0.983,0
SbBS512_E4150,0.983,0.0,1
SbBS512_E3167,0.983,0.983,0
SbBS512_E0030,0.983,0.983,0
SbBS512_E3843,0.983,0.983,0
SbBS512_E0320,0.983,0.983,0
SbBS512_E3842,0.983,0.983,0
SbBS512_E3204,0.983,0.983,0
SbBS512_E4846,0.983,0.983,0
SbBS512_E2883,0.983,0.0,1
SbBS512_E3844,0.983,0.983,0
SbBS512_E3648,0.983,0.983,0
SbBS512_E3841,0.983,0.983,0
SbBS512_E3845,0.983,0.983,0
SbBS512_E4847,0.983,0.983,0
acrF,0.983,0.983,0
SbBS512_E3763,0.983,0.978,0
SbBS512_E3611,0.983,0.983,0
SbBS512_E3334,0.983,0.335,0
SbBS512_E0612,0.983,0.0,1
SbBS512_E3308,0.983,0.983,0
SbBS512_E4937,0.983,0.983,0
SbBS512_E0067,0.983,-0.0,1
SbBS512_E0673,0.983,0.983,0
SbBS512_E0218,0.983,0.983,0
SbBS512_E0065,0.983,-0.0,1
SbBS512_E1991,0.983,0.983,0
SbBS512_E0066,0.983,-0.0,1
SbBS512_E2023,0.983,0.983,0
SbBS512_E0068,0.983,0.0,1
SbBS512_E0967,0.983,0.983,0
SbBS512_E3123,0.983,0.0,1
SbBS512_E2406,0.983,0.0,1
SbBS512_E3122,0.983,0.0,1
SbBS512_E0102,0.983,0.983,0
SbBS512_E3572,0.983,0.0,1
SbBS512_E1391,0.983,0.983,0
SbBS512_E3172,0.983,0.983,0
SbBS512_E1379,0.983,0.0,1
SbBS512_E3173,0.983,0.983,0
SbBS512_E4726,0.983,0.983,0
SbBS512_E3174,0.983,0.983,0
SbBS512_E3175,0.983,0.983,0
SbBS512_E3743,0.983,0.983,0
SbBS512_E3674,0.983,0.983,0
SbBS512_E0735,0.983,0.983,0
SbBS512_E1527,0.983,0.983,0
SbBS512_E0736,0.983,0.983,0
SbBS512_E1881,0.983,0.983,0
SbBS512_E1419,0.983,0.983,0
SbBS512_E1880,0.983,0.983,0
SbBS512_E0739,0.983,0.983,0
SbBS512_E4173,0.983,0.983,0
SbBS512_E0737,0.983,0.983,0
SbBS512_E0738,0.983,0.983,0
SbBS512_E4319,0.983,0.983,0
SbBS512_E2843,0.983,0.0,1
SbBS512_E3725,0.983,0.983,0
SbBS512_E4006,0.983,0.983,0
SbBS512_E2917,0.983,0.983,0
SbBS512_E2667,0.983,0.983,0
SbBS512_E0041,0.983,0.983,0
SbBS512_E0259,0.983,0.983,0
SbBS512_E3130,0.983,0.983,0
SbBS512_E2019,0.983,0.983,0
SbBS512_E2643,0.983,0.983,0
SbBS512_E4031,0.983,0.983,0
SbBS512_E0488,0.983,0.983,0
SbBS512_E0257,0.983,0.983,0
SbBS512_E4035,0.983,0.0,1
SbBS512_E4917,0.983,0.983,0
SbBS512_E0258,0.983,0.983,0
SbBS512_E0415,0.983,0.983,0
SbBS512_E2735,0.983,0.983,0
SbBS512_E2633,0.983,0.983,0
SbBS512_E0599,0.983,0.983,0
SbBS512_E0841,0.983,0.983,0
SbBS512_E4693,0.983,0.983,0
SbBS512_E4942,0.983,0.983,0
SbBS512_E3075,0.983,0.983,0
SbBS512_E2075,0.983,0.983,0
SbBS512_E1558,0.983,0.983,0
SbBS512_E2435,0.983,0.983,0
SbBS512_E2335,0.983,0.983,0
SbBS512_E3092,0.983,0.983,0
SbBS512_E3826,0.983,0.983,0
SbBS512_E3386,0.983,0.983,0
SbBS512_E0152,0.983,0.983,0
SbBS512_E3241,0.983,0.983,0
SbBS512_E3076,0.983,0.983,0
SbBS512_E1824,0.983,0.983,0
SbBS512_E3525,0.983,0.983,0
SbBS512_E3742,0.983,0.983,0
SbBS512_E3741,0.983,0.983,0
SbBS512_E0626,0.983,0.983,0
SbBS512_E4594,0.983,0.983,0
SbBS512_E4593,0.983,0.983,0
SbBS512_E0269,0.983,0.983,0
SbBS512_E0792,0.983,0.983,0
SbBS512_E4592,0.983,0.983,0
SbBS512_E4591,0.983,0.983,0
SbBS512_E0064,0.983,0.983,0
SbBS512_E0812,0.983,0.983,0
SbBS512_E0839,0.983,0.983,0
SbBS512_E1990,0.983,0.983,0
SbBS512_E1618,0.983,0.983,0
SbBS512_E1993,0.983,0.983,0
wbbJ,0.983,0.983,0
SbBS512_E4541,0.983,0.983,0
SbBS512_E2426,0.983,0.983,0
SbBS512_E2642,0.983,0.983,0
SbBS512_E0609,0.983,0.983,0
SbBS512_E3744,0.983,-0.0,1
SbBS512_E3243,0.983,0.983,0
SbBS512_E3864,0.983,0.983,0
SbBS512_E2957,0.983,0.983,0
SbBS512_E1843,0.983,0.983,0
SbBS512_E2425,0.983,0.983,0
SbBS512_E3666,0.983,0.983,0
SbBS512_E4829,0.983,0.0,1
SbBS512_E4933,0.983,0.983,0
SbBS512_E3767,0.983,0.983,0
SbBS512_E0621,0.983,0.983,0
SbBS512_E0305,0.983,0.983,0
SbBS512_E4425,0.983,0.0,1
SbBS512_E3583,0.983,0.0,1
SbBS512_E0542,0.983,0.983,0
SbBS512_E2421,0.983,0.0,1
SbBS512_E0175,0.983,0.0,1
SbBS512_E0429,0.983,0.983,0
SbBS512_E0585,0.983,0.983,0
SbBS512_E0987,0.983,0.983,0
SbBS512_E4292,0.983,0.983,0
SbBS512_E0179,0.983,0.983,0
SbBS512_E1370,0.983,0.982,0
SbBS512_E1510,0.983,0.0,1
speG,0.983,0.983,0
SbBS512_E3309,0.983,0.983,0
SbBS512_E3328,0.983,0.983,0
SbBS512_E0810,0.983,0.983,0
SbBS512_E2689,0.983,0.0,1
SbBS512_E1785,0.983,0.983,0
SbBS512_E4385,0.983,0.983,0
SbBS512_E1786,0.983,0.983,0
SbBS512_E4313,0.983,0.0,1
SbBS512_E4017,0.983,0.983,0
SbBS512_E4307,0.983,0.983,0
SbBS512_E4387,0.983,0.983,0
SbBS512_E2575,0.983,0.0,1
SbBS512_E1853,0.983,0.983,0
speC,0.983,0.983,0
SbBS512_E2058,0.983,0.983,0
SbBS512_E4067,0.983,0.0,1
SbBS512_E2742,0.983,0.983,0
SbBS512_E1838,0.983,0.983,0
SbBS512_E4508,0.983,0.983,0
SbBS512_E1681,0.983,0.983,0
SbBS512_E2639,0.983,0.983,0
SbBS512_E1183,0.983,0.983,0
SbBS512_E2640,0.983,0.983,0
SbBS512_E2304,0.983,0.983,0
SbBS512_E1799,0.983,0.983,0
SbBS512_E0303,0.983,0.0,1
SbBS512_E0640,0.983,0.957,0
SbBS512_E4791,0.983,0.983,0
SbBS512_E0642,0.983,0.957,0
SbBS512_E0126,0.983,-0.0,1
SbBS512_E1506,0.983,0.983,0
SbBS512_E0650,0.983,0.983,0
SbBS512_E0080,0.983,0.0,1
SbBS512_E3113,0.983,0.0,1
SbBS512_E1752,0.983,0.983,0
SbBS512_E0641,0.983,0.957,0
SbBS512_E0643,0.983,0.957,0
SbBS512_E0647,0.983,0.98,0
SbBS512_E0108,0.983,0.948,0
mngB,0.983,0.983,0
SbBS512_E0107,0.983,0.948,0
SbBS512_E0648,0.983,0.98,0
SbBS512_E2232,0.983,0.0,1
SbBS512_E1830,0.983,0.983,0
SbBS512_E2896,0.983,0.983,0
SbBS512_E2929,0.983,0.0,1
SbBS512_E1685,0.983,0.983,0
SbBS512_E0140,0.983,0.983,0
SbBS512_E0008,0.983,0.983,0
SbBS512_E3773,0.983,0.983,0
SbBS512_E0046,0.983,0.0,1
SbBS512_E0077,0.983,0.983,0
SbBS512_E0687,0.983,0.983,0
SbBS512_E2830,0.983,0.983,0
ttdT,0.983,0.983,0
SbBS512_E0616,0.983,0.983,0
SbBS512_E0283,0.983,0.983,0
SbBS512_E1225,0.983,0.983,0
SbBS512_E4131,0.983,0.983,0
SbBS512_E4130,0.983,0.983,0
SbBS512_E2698,0.983,0.0,1
SbBS512_E0619,0.983,0.983,0
SbBS512_E3983,0.983,0.983,0
SbBS512_E1193,0.983,0.983,0
SbBS512_E2506,0.983,0.983,0
rffG,0.983,0.983,0
SbBS512_E1192,0.983,0.983,0
SbBS512_E2409,0.983,-0.0,1
SbBS512_E1968,0.983,0.983,0
SbBS512_E3588,0.983,0.983,0
SbBS512_E4395,0.983,0.983,0
SbBS512_E1143,0.983,0.983,0
SbBS512_E0838,0.983,0.983,0
SbBS512_E1142,0.983,0.983,0
SbBS512_E4437,0.983,0.983,0
SbBS512_E0450,0.983,0.0,1
SbBS512_E4438,0.983,0.983,0
SbBS512_E3594,0.983,0.0,1
SbBS512_E3333,0.983,0.961,0
SbBS512_E0158,0.983,0.0,1
SbBS512_E2852,0.983,0.983,0
SbBS512_E0060,0.983,0.0,1
SbBS512_E4823,0.983,0.983,0
SbBS512_E0059,0.983,0.0,1
SbBS512_E0058,0.983,0.0,1
SbBS512_E4530,0.983,0.977,0
SbBS512_E3351,0.983,0.856,0
SbBS512_E3194,0.983,0.983,0
SbBS512_E4044,0.983,0.983,0
SbBS512_E3193,0.983,0.983,0
SbBS512_E3240,0.983,0.983,0
SbBS512_E2591,0.983,0.976,0
SbBS512_E3950,0.983,0.983,0
SbBS512_E3762,0.983,0.983,0
SbBS512_E4147,0.983,0.983,0
SbBS512_E4727,0.983,0.983,0
SbBS512_E0676,0.983,0.983,0
SbBS512_E3959,0.983,0.983,0
SbBS512_E4040,0.983,0.983,0
SbBS512_E4944,0.983,0.983,0
SbBS512_E1961,0.983,0.983,0
SbBS512_E3955,0.983,0.983,0
SbBS512_E3186,0.983,0.983,0
SbBS512_E3956,0.983,0.983,0
SbBS512_E0562,0.983,0.983,0
SbBS512_E4290,0.983,0.983,0
SbBS512_E3954,0.983,0.983,0
SbBS512_E3367,0.983,0.983,0
SbBS512_E0339,0.983,0.983,0
SbBS512_E4538,0.983,0.983,0
SbBS512_E2831,0.983,0.983,0
SbBS512_E0954,0.983,0.983,0
SbBS512_E1039,0.983,0.983,0
SbBS512_E0741,0.983,0.983,0
SbBS512_E0743,0.983,0.983,0
SbBS512_E0740,0.983,0.983,0
SbBS512_E3035,0.983,0.0,1
SbBS512_E2217,0.983,-0.0,1
SbBS512_E0953,0.983,0.983,0
SbBS512_E0338,0.983,-0.0,1
SbBS512_E0955,0.983,0.983,0
SbBS512_E4484,0.983,0.983,0
SbBS512_E0744,0.983,0.983,0
fucP,0.983,0.983,0
SbBS512_E4399,0.983,0.947,0
SbBS512_E4889,0.983,0.983,0
SbBS512_E0527,0.983,0.983,0
SbBS512_E0742,0.983,0.983,0
rhmA,0.983,0.983,0
SbBS512_E1956,0.983,0.983,0
SbBS512_E1955,0.983,0.983,0
SbBS512_E2441,0.983,0.983,0
SbBS512_E4885,0.983,0.983,0
SbBS512_E4844,0.983,0.983,0
SbBS512_E2729,0.983,0.983,0
SbBS512_E1022,0.983,0.983,0
SbBS512_E0470,0.983,0.983,0
SbBS512_E1735,0.983,0.983,0
SbBS512_E4888,0.983,0.983,0
SbBS512_E4890,0.983,0.983,0
SbBS512_E3829,0.983,0.98,0
SbBS512_E4882,0.983,0.983,0
SbBS512_E1021,0.983,0.983,0
SbBS512_E4881,0.983,0.983,0
SbBS512_E3922,0.983,0.983,0
SbBS512_E4201,0.983,0.983,0
SbBS512_E4200,0.983,0.983,0
SbBS512_E1978,0.983,0.983,0
SbBS512_E4203,0.983,0.983,0
SbBS512_E4202,0.983,0.983,0
treA,0.983,0.983,0
SbBS512_E1979,0.983,0.983,0
SbBS512_E1982,0.983,0.983,0
SbBS512_E4843,0.983,0.983,0
SbBS512_E4288,0.983,0.983,0
SbBS512_E4887,0.983,0.983,0
SbBS512_E1184,0.983,0.983,0
SbBS512_E1485,0.983,0.0,1
SbBS512_E2730,0.983,0.983,0
SbBS512_E1486,0.983,0.0,1
SbBS512_E3793,0.983,0.0,1
SbBS512_E1195,0.983,0.983,0
SbBS512_E4462,0.983,0.0,1
SbBS512_E3761,0.983,0.983,0
SbBS512_E2975,0.983,0.983,0
SbBS512_E4213,0.983,0.983,0
SbBS512_E3976,0.983,0.983,0
SbBS512_E3233,0.983,0.983,0
SbBS512_E4481,0.983,0.983,0
SbBS512_E3641,0.983,0.983,0
xapA,0.983,0.983,0
SbBS512_E1615,0.983,0.983,0
SbBS512_E2460,0.983,0.983,0
SbBS512_E1829,0.983,0.983,0
SbBS512_E1612,0.983,0.983,0
SbBS512_E1034,0.983,0.983,0
SbBS512_E2876,0.983,0.983,0
SbBS512_E1609,0.983,0.983,0
SbBS512_E0172,0.983,-0.0,1
SbBS512_E1610,0.983,0.983,0
SbBS512_E0078,0.983,0.0,1
SbBS512_E1611,0.983,0.983,0
SbBS512_E4134,0.983,0.983,0
SbBS512_E4135,0.983,0.983,0
SbBS512_E1204,0.983,0.983,0
SbBS512_E0174,0.983,0.0,1
SbBS512_E3016,0.983,0.983,0
SbBS512_E4050,0.983,0.983,0
SbBS512_E3581,0.983,-0.0,1
SbBS512_E4051,0.983,0.983,0
SbBS512_E0083,0.983,0.0,1
SbBS512_E4053,0.983,0.983,0
SbBS512_E0081,0.983,0.0,1
SbBS512_E4052,0.983,0.983,0
SbBS512_E0084,0.983,-0.0,1
SbBS512_E0048,0.983,0.983,0
SbBS512_E4460,0.983,0.0,1
SbBS512_E0610,0.983,0.983,0
SbBS512_E2504,0.983,0.983,0
pac,0.983,0.983,0
SbBS512_E3488,0.983,0.983,0
SbBS512_E1190,0.983,0.983,0
yliF,0.983,0.983,0
SbBS512_E0167,0.983,0.0,1
SbBS512_E0680,0.983,0.983,0
SbBS512_E1077,0.983,0.983,0
SbBS512_E1203,0.983,0.983,0
SbBS512_E2631,0.983,0.983,0
yfeA,0.983,0.983,0
SbBS512_E0679,0.983,0.983,0
yeaJ,0.983,0.983,0
SbBS512_E0302,0.983,0.983,0
SbBS512_E2033,0.983,0.983,0
SbBS512_E0439,0.983,0.983,0
dosC,0.983,0.983,0
SbBS512_E0079,0.983,0.0,1
yneF,0.983,0.983,0
SbBS512_E0090,0.983,0.0,1
SbBS512_E4851,0.983,0.983,0
SbBS512_E4054,0.983,0.983,0
SbBS512_E0164,0.983,0.983,0
SbBS512_E4004,0.983,0.983,0
SbBS512_E2632,0.983,0.983,0
SbBS512_E4743,0.983,0.983,0
SbBS512_E4262,0.983,0.983,0
SbBS512_E3135,0.983,0.983,0
SbBS512_E4263,0.983,0.0,1
SbBS512_E4676,0.983,0.983,0
ybhI,0.983,0.983,0
SbBS512_E4488,0.983,-0.0,1
SbBS512_E2872,0.983,0.983,0
SbBS512_E2871,0.983,0.983,0
