"gene, label"
SDY_0861,0.938,0.938,0
SDY_2328,0.938,0.938,0
SDY_4383,0.938,0.938,0
SDY_1403,0.938,0.938,0
SDY_0828,0.938,0.0,1
SDY_3052,0.938,0.938,0
SDY_2197,0.938,0.938,0
SDY_4521,0.938,0.0,1
SDY_2393,0.938,0.938,0
SDY_3053,0.938,0.925,0
SDY_4350,0.938,0.938,0
SDY_2018,0.938,0.938,0
SDY_2741,0.938,0.921,0
SDY_2577,0.938,0.938,0
SDY_2486,0.938,0.938,0
SDY_2893,0.938,0.938,0
SDY_2545,0.938,0.938,0
SDY_0383,0.938,0.938,0
SDY_3837,0.938,0.938,0
SDY_1798,0.938,0.938,0
SDY_0701,0.938,0.938,0
SDY_2765,0.938,0.938,0
SDY_4080,0.938,0.0,1
SDY_3977,0.938,-0.0,1
SDY_0527,0.938,0.938,0
SDY_3605,0.938,0.938,0
SDY_3606,0.938,0.938,0
SDY_3604,0.938,0.938,0
SDY_3611,0.938,0.938,0
SDY_3603,0.938,0.938,0
SDY_4378,0.938,0.937,0
SDY_0525,0.938,0.938,0
SDY_0984,0.938,0.938,0
SDY_0196,0.938,-0.0,1
SDY_0927,0.938,0.938,0
SDY_2057,0.938,0.0,1
SDY_2522,0.938,0.0,1
SDY_2055,0.938,0.938,0
SDY_1305,0.938,0.938,0
SDY_0053,0.938,0.0,1
SDY_1303,0.938,0.938,0
SDY_1302,0.938,0.938,0
SDY_2667,0.938,0.0,1
SDY_0007,0.938,0.938,0
SDY_1304,0.938,0.938,0
SDY_1409,0.938,0.938,0
SDY_0071,0.938,0.938,0
SDY_0004,0.938,0.0,1
SDY_1608,0.938,0.938,0
SDY_1232,0.938,0.938,0
SDY_1547,0.938,0.938,0
SDY_1301,0.938,0.938,0
SDY_0175,0.938,0.0,1
SDY_2514,0.938,0.938,0
puuC,0.938,0.938,0
SDY_3378,0.938,0.938,0
SDY_3807,0.938,0.938,0
SDY_2905,0.938,0.938,0
SDY_2458,0.938,0.938,0
SDY_0593,0.938,0.938,0
SDY_2056,0.938,-0.0,1
SDY_3955,0.938,0.938,0
SDY_0684,0.938,0.938,0
SDY_1088,0.938,0.938,0
SDY_1908,0.938,0.938,0
puuE,0.938,0.938,0
SDY_3241,0.938,0.938,0
SDY_1730,0.938,0.938,0
SDY_2853,0.938,0.938,0
SDY_0918,0.938,0.938,0
SDY_0226,0.938,0.938,0
SDY_2543,0.938,0.938,0
SDY_3900,0.938,0.938,0
SDY_3061,0.938,0.938,0
SDY_2091,0.938,-0.0,1
SDY_1295,0.938,0.938,0
SDY_1486,0.938,0.938,0
s0001,0.938,0.0,1
SDY_3358,0.938,0.938,0
nhoA,0.938,0.938,0
SDY_2240,0.938,0.938,0
SDY_0491,0.938,0.938,0
SDY_3073,0.938,0.938,0
SDY_3433,0.938,0.0,1
SDY_2500,0.938,0.938,0
SDY_2515,0.938,0.0,1
SDY_3690,0.938,-0.0,1
SDY_3780,0.938,0.938,0
SDY_0201,0.938,0.0,1
SDY_1474,0.938,0.0,1
SDY_3432,0.938,0.0,1
SDY_3276,0.938,0.938,0
SDY_2031,0.938,0.938,0
SDY_3660,0.938,0.938,0
SDY_0309,0.938,0.0,1
SDY_0051,0.938,0.0,1
SDY_3964,0.938,0.938,0
SDY_3398,0.938,0.938,0
SDY_2424,0.938,0.938,0
SDY_2612,0.938,0.925,0
SDY_3397,0.938,0.938,0
SDY_2613,0.938,0.925,0
SDY_0613,0.938,0.938,0
SDY_0832,0.938,0.0,1
SDY_2049,0.938,0.938,0
SDY_3910,0.938,0.938,0
ynfF,0.938,0.938,0
SDY_2614,0.938,0.925,0
SDY_3794,0.938,0.0,1
SDY_1566,0.938,0.938,0
SDY_1567,0.938,0.938,0
SDY_3732,0.938,0.0,1
SDY_3035,0.938,0.0,1
SDY_2253,0.938,0.938,0
SDY_4155,0.938,0.938,0
SDY_2367,0.938,0.938,0
ynfE,0.938,0.938,0
SDY_2365,0.938,0.938,0
SDY_0108,0.938,0.938,0
SDY_0480,0.938,0.938,0
SDY_4154,0.938,0.938,0
SDY_2719,0.938,0.938,0
SDY_1171,0.938,0.938,0
SDY_0107,0.938,0.938,0
torY,0.938,0.938,0
SDY_1135,0.938,0.938,0
SDY_0129,0.938,0.938,0
SDY_3307,0.938,0.938,0
SDY_4284,0.938,0.938,0
SDY_2325,0.938,0.938,0
SDY_1152,0.938,0.938,0
SDY_2492,0.938,0.938,0
SDY_0133,0.938,0.0,1
SDY_3974,0.938,-0.0,1
SDY_2624,0.938,0.938,0
SDY_1863,0.938,0.938,0
SDY_3953,0.938,0.938,0
SDY_0305,0.938,0.938,0
SDY_2625,0.938,0.938,0
SDY_1331,0.938,-0.0,1
SDY_3399,0.938,0.938,0
SDY_3400,0.938,0.938,0
fadE,0.938,0.925,0
SDY_1332,0.938,0.0,1
SDY_2059,0.938,-0.0,1
SDY_0830,0.938,0.0,1
SDY_3792,0.938,-0.0,1
SDY_4285,0.938,0.0,1
SDY_4286,0.938,0.0,1
SDY_0074,0.938,0.938,0
SDY_3381,0.938,0.0,1
SDY_3382,0.938,0.0,1
SDY_0028,0.938,0.938,0
SDY_3380,0.938,0.0,1
SDY_3242,0.938,0.938,0
SDY_1625,0.938,0.938,0
SDY_0943,0.938,0.938,0
SDY_0025,0.938,-0.0,1
astC,0.938,0.938,0
SDY_3521,0.938,0.0,1
SDY_0320,0.938,0.0,1
SDY_2060,0.938,0.938,0
SDY_2804,0.938,0.938,0
SDY_0089,0.938,0.938,0
SDY_3630,0.938,0.938,0
SDY_0168,0.938,0.938,0
SDY_0169,0.938,0.938,0
SDY_1594,0.938,0.938,0
SDY_0167,0.938,0.938,0
eamB,0.938,0.938,0
SDY_1846,0.938,0.938,0
SDY_2912,0.938,0.938,0
SDY_2054,0.938,0.938,0
SDY_1120,0.938,0.938,0
SDY_1718,0.938,0.938,0
SDY_1122,0.938,0.938,0
SDY_3522,0.938,0.938,0
SDY_1121,0.938,0.938,0
SDY_4641,0.938,0.938,0
SDY_4146,0.938,0.938,0
SDY_3058,0.938,0.938,0
SDY_4199,0.938,0.938,0
SDY_1599,0.938,0.938,0
SDY_3885,0.938,0.938,0
SDY_4086,0.938,0.938,0
SDY_1222,0.938,0.938,0
SDY_4098,0.938,0.938,0
SDY_4094,0.938,0.938,0
SDY_0445,0.938,0.938,0
SDY_3189,0.938,0.938,0
SDY_0027,0.938,0.938,0
SDY_3134,0.938,0.938,0
SDY_3940,0.938,0.938,0
SDY_1548,0.938,0.938,0
SDY_3795,0.938,-0.0,1
SDY_2825,0.938,0.938,0
SDY_0052,0.938,0.938,0
SDY_3108,0.938,0.938,0
SDY_4441,0.938,0.938,0
SDY_3351,0.938,0.0,1
SDY_1180,0.938,0.938,0
SDY_2593,0.938,0.938,0
SDY_2509,0.938,0.938,0
SDY_0323,0.938,0.938,0
SDY_2507,0.938,0.938,0
SDY_3968,0.938,0.938,0
SDY_2241,0.938,0.938,0
SDY_2506,0.938,0.938,0
SDY_1804,0.938,0.938,0
SDY_2505,0.938,0.938,0
SDY_1828,0.938,0.938,0
SDY_1806,0.938,0.938,0
SDY_2052,0.938,0.0,1
SDY_2140,0.938,0.938,0
preA,0.938,0.938,0
SDY_1290,0.938,0.938,0
SDY_3159,0.938,0.938,0
SDY_3579,0.938,-0.0,1
SDY_4361,0.938,0.938,0
SDY_0174,0.938,0.938,0
SDY_4362,0.938,0.938,0
SDY_4644,0.938,0.938,0
SDY_4642,0.938,0.938,0
SDY_3762,0.938,0.938,0
SDY_4363,0.938,0.938,0
SDY_4364,0.938,0.938,0
SDY_1316,0.938,0.938,0
SDY_1506,0.938,0.938,0
SDY_4070,0.938,0.938,0
SDY_3068,0.938,0.938,0
SDY_0189,0.938,0.0,1
SDY_0310,0.938,0.0,1
SDY_0759,0.938,0.938,0
SDY_3067,0.938,0.938,0
SDY_3206,0.938,0.938,0
SDY_3115,0.938,0.938,0
SDY_3155,0.938,0.938,0
SDY_1488,0.938,0.758,0
SDY_3681,0.938,0.938,0
SDY_0608,0.938,0.938,0
SDY_0450,0.938,0.938,0
SDY_1368,0.938,-0.0,1
SDY_3954,0.938,0.938,0
SDY_2949,0.938,0.0,1
SDY_3963,0.938,0.938,0
SDY_3956,0.938,0.938,0
SDY_4004,0.938,0.937,0
SDY_2327,0.938,0.938,0
SDY_2021,0.938,0.0,1
SDY_1952,0.938,0.938,0
SDY_4412,0.938,-0.0,1
SDY_2542,0.938,0.938,0
SDY_1136,0.938,0.938,0
SDY_0611,0.938,0.938,0
SDY_1137,0.938,0.938,0
SDY_3560,0.938,0.938,0
SDY_0140,0.938,0.938,0
SDY_0041,0.938,0.0,1
SDY_2293,0.938,0.938,0
SDY_2633,0.938,0.938,0
SDY_3034,0.938,0.938,0
SDY_1142,0.938,0.938,0
SDY_2576,0.938,0.938,0
SDY_4264,0.938,-0.0,1
SDY_4263,0.938,0.938,0
SDY_4420,0.938,0.938,0
SDY_0002,0.938,0.938,0
SDY_2043,0.938,0.938,0
SDY_3775,0.938,0.938,0
SDY_2996,0.938,0.821,0
SDY_0300,0.938,0.938,0
SDY_0511,0.938,0.938,0
SDY_4051,0.938,0.938,0
SDY_4227,0.938,0.938,0
SDY_3139,0.938,0.938,0
SDY_2815,0.938,0.0,1
SDY_0513,0.938,0.938,0
SDY_3219,0.938,0.0,1
SDY_0762,0.938,0.938,0
SDY_4444,0.938,0.938,0
SDY_3793,0.938,0.0,1
SDY_2329,0.938,-0.0,1
SDY_3781,0.938,0.938,0
SDY_3720,0.938,0.0,1
ybiV,0.938,0.938,0
SDY_1153,0.938,0.938,0
SDY_0274,0.938,0.0,1
SDY_4147,0.938,0.938,0
SDY_0275,0.938,0.0,1
SDY_4548,0.938,0.938,0
SDY_0146,0.938,0.857,0
acpH,0.938,0.938,0
SDY_0664,0.938,0.901,0
SDY_0389,0.938,0.925,0
SDY_4232,0.938,0.938,0
SDY_4443,0.938,0.938,0
SDY_0665,0.938,0.901,0
SDY_3559,0.938,0.938,0
SDY_2830,0.938,0.938,0
SDY_2089,0.938,0.938,0
SDY_1709,0.938,0.938,0
fadK,0.938,0.938,0
SDY_4565,0.938,0.938,0
SDY_3901,0.938,0.938,0
SDY_1530,0.938,0.938,0
SDY_4564,0.938,0.938,0
SDY_1586,0.938,0.938,0
SDY_4567,0.938,0.938,0
SDY_2966,0.938,0.0,1
SDY_2965,0.938,0.0,1
SDY_4566,0.938,0.938,0
SDY_3157,0.938,0.938,0
SDY_2222,0.938,-0.0,1
SDY_4563,0.938,0.938,0
SDY_0122,0.938,0.938,0
SDY_4015,0.938,0.408,0
SDY_2270,0.938,0.938,0
SDY_0365,0.938,0.938,0
SDY_4017,0.938,0.408,0
SDY_1631,0.938,0.938,0
SDY_4010,0.938,0.408,0
SDY_4011,0.938,0.408,0
SDY_4016,0.938,0.408,0
SDY_4014,0.938,0.408,0
SDY_4012,0.938,0.408,0
SDY_4013,0.938,0.408,0
SDY_4009,0.938,0.938,0
SDY_0760,0.938,0.0,1
SDY_3889,0.938,0.938,0
SDY_3888,0.938,0.0,1
SDY_4385,0.938,0.0,1
SDY_0831,0.938,0.0,1
SDY_2324,0.938,0.938,0
SDY_2323,0.938,0.938,0
SDY_0503,0.938,0.938,0
SDY_2320,0.938,0.938,0
SDY_0505,0.938,0.938,0
SDY_0504,0.938,0.938,0
SDY_4250,0.938,0.938,0
SDY_3819,0.938,0.938,0
SDY_3020,0.938,0.938,0
SDY_3021,0.938,0.938,0
SDY_3017,0.938,0.938,0
SDY_0444,0.938,0.0,1
SDY_2321,0.938,0.938,0
SDY_3667,0.938,0.938,0
SDY_2588,0.938,0.938,0
SDY_4297,0.938,0.938,0
SDY_0523,0.938,0.938,0
SDY_0519,0.938,0.938,0
SDY_0520,0.938,0.938,0
SDY_0521,0.938,0.938,0
SDY_1266,0.938,0.938,0
SDY_2511,0.938,0.0,1
SDY_3377,0.938,0.0,1
SDY_3761,0.938,0.0,1
SDY_1340,0.938,0.938,0
ybcF,0.938,0.932,0
SDY_0792,0.938,0.938,0
SDY_0166,0.938,0.938,0
SDY_1259,0.938,0.0,1
SDY_0512,0.938,0.938,0
SDY_0522,0.938,0.938,0
SDY_0054,0.938,0.938,0
SDY_2600,0.938,-0.0,1
SDY_0055,0.938,0.938,0
SDY_4085,0.938,0.938,0
SDY_4625,0.938,0.938,0
SDY_0395,0.938,0.938,0
SDY_4379,0.938,0.938,0
SDY_0286,0.938,0.938,0
SDY_3817,0.938,0.938,0
SDY_3620,0.938,0.938,0
SDY_3187,0.938,0.938,0
SDY_4050,0.938,0.938,0
SDY_2435,0.938,0.938,0
SDY_0624,0.938,0.938,0
SDY_3820,0.938,0.938,0
SDY_3832,0.938,0.938,0
SDY_0696,0.938,0.938,0
SDY_3318,0.938,0.938,0
SDY_3200,0.938,-0.0,1
SDY_3178,0.938,0.938,0
SDY_3464,0.938,0.938,0
SDY_3176,0.938,0.938,0
SDY_0047,0.938,0.0,1
SDY_2319,0.938,0.938,0
SDY_3011,0.938,0.938,0
SDY_3177,0.938,0.938,0
SDY_1257,0.938,0.0,1
SDY_1004,0.938,0.938,0
SDY_3170,0.938,0.938,0
SDY_1887,0.938,0.938,0
SDY_2572,0.938,0.938,0
SDY_3818,0.938,0.938,0
SDY_2767,0.938,0.0,1
SDY_0231,0.938,0.938,0
SDY_2766,0.938,-0.0,1
SDY_4345,0.938,0.938,0
SDY_2681,0.938,0.938,0
SDY_4344,0.938,0.938,0
SDY_2528,0.938,0.0,1
SDY_3235,0.938,0.938,0
SDY_2357,0.938,0.938,0
SDY_0219,0.938,0.938,0
SDY_4535,0.938,0.0,1
SDY_0134,0.938,0.938,0
SDY_4398,0.938,0.938,0
SDY_2703,0.938,0.0,1
SDY_4395,0.938,0.938,0
SDY_4397,0.938,0.938,0
SDY_0814,0.938,0.938,0
SDY_2212,0.938,0.933,0
SDY_4396,0.938,0.938,0
SDY_3588,0.938,0.938,0
SDY_2316,0.938,0.938,0
SDY_2317,0.938,0.938,0
SDY_2315,0.938,0.938,0
SDY_1307,0.938,0.938,0
SDY_2434,0.938,0.938,0
SDY_1564,0.938,0.938,0
SDY_0746,0.938,0.938,0
SDY_0171,0.938,0.938,0
SDY_1284,0.938,0.938,0
SDY_4043,0.938,0.938,0
SDY_1827,0.938,0.938,0
SDY_4018,0.938,0.0,1
SDY_0978,0.938,0.938,0
SDY_2654,0.938,0.938,0
SDY_0456,0.938,0.938,0
SDY_3205,0.938,0.938,0
SDY_1880,0.938,0.938,0
SDY_3929,0.938,0.938,0
SDY_3959,0.938,0.938,0
SDY_2206,0.938,0.938,0
SDY_0442,0.938,0.938,0
SDY_0170,0.938,0.0,1
SDY_3085,0.938,0.938,0
SDY_2729,0.938,0.938,0
SDY_0905,0.938,0.938,0
SDY_3562,0.938,0.938,0
SDY_2344,0.938,0.0,1
SDY_1805,0.938,0.938,0
SDY_4533,0.938,0.938,0
SDY_3595,0.938,0.938,0
SDY_4041,0.938,0.0,1
SDY_2436,0.938,0.938,0
SDY_2048,0.938,0.938,0
SDY_2967,0.938,0.938,0
SDY_0758,0.938,0.938,0
SDY_0755,0.938,0.938,0
SDY_0825,0.938,0.0,1
SDY_0823,0.938,0.0,1
SDY_3649,0.938,0.938,0
SDY_0757,0.938,0.938,0
SDY_0756,0.938,0.938,0
SDY_2634,0.938,0.938,0
SDY_2438,0.938,0.938,0
SDY_3125,0.938,0.938,0
SDY_2437,0.938,0.938,0
SDY_3876,0.938,0.938,0
SDY_2127,0.938,0.938,0
SDY_0473,0.938,0.937,0
SDY_1353,0.938,0.0,1
SDY_0612,0.938,0.938,0
SDY_0060,0.938,0.938,0
SDY_0059,0.938,0.938,0
SDY_3970,0.938,0.938,0
SDY_0058,0.938,0.938,0
SDY_1138,0.938,0.933,0
SDY_0479,0.938,0.938,0
yjjL,0.938,0.938,0
SDY_0034,0.938,0.938,0
SDY_4102,0.938,0.938,0
SDY_0930,0.938,0.938,0
SDY_0062,0.938,0.938,0
garP,0.938,0.938,0
gudP,0.938,0.938,0
SDY_2388,0.938,0.938,0
SDY_0658,0.938,-0.0,1
SDY_3899,0.938,0.934,0
SDY_4534,0.938,-0.0,1
SDY_2997,0.938,0.0,1
SDY_0704,0.938,0.938,0
SDY_0035,0.938,-0.0,1
SDY_0703,0.938,0.938,0
SDY_0030,0.938,0.938,0
SDY_4060,0.938,0.938,0
SDY_4092,0.938,0.938,0
SDY_3278,0.938,0.938,0
SDY_0434,0.938,0.938,0
SDY_4053,0.938,0.938,0
SDY_1288,0.938,0.938,0
SDY_4052,0.938,0.938,0
SDY_3129,0.938,0.938,0
SDY_3650,0.938,0.938,0
SDY_4062,0.938,0.938,0
SDY_1936,0.938,0.938,0
SDY_2278,0.938,0.938,0
SDY_1098,0.938,0.938,0
SDY_2689,0.938,0.936,0
SDY_4082,0.938,0.938,0
SDY_2587,0.938,0.938,0
SDY_3065,0.938,0.938,0
SDY_2611,0.938,0.938,0
SDY_3001,0.938,0.938,0
SDY_0345,0.938,0.938,0
SDY_2221,0.938,-0.0,1
SDY_2650,0.938,0.938,0
SDY_2617,0.938,0.938,0
SDY_2219,0.938,0.0,1
SDY_3028,0.938,0.938,0
SDY_4019,0.938,-0.0,1
SDY_2710,0.938,0.938,0
puuD,0.938,0.938,0
SDY_1845,0.938,0.938,0
SDY_2508,0.938,0.938,0
SDY_0278,0.938,0.938,0
SDY_0142,0.938,0.938,0
SDY_3941,0.938,0.0,1
SDY_2277,0.938,0.0,1
SDY_2374,0.938,0.938,0
SDY_1943,0.938,0.938,0
puuA,0.938,0.938,0
SDY_2615,0.938,0.938,0
SDY_3919,0.938,0.938,0
SDY_3578,0.938,0.938,0
SDY_2375,0.938,0.938,0
rhtA,0.938,0.938,0
SDY_0954,0.938,0.378,0
SDY_0460,0.938,0.938,0
SDY_0837,0.938,0.938,0
SDY_0158,0.938,0.938,0
SDY_3661,0.938,0.938,0
SDY_0003,0.938,0.0,1
SDY_0953,0.938,0.378,0
SDY_4330,0.938,0.0,1
SDY_2144,0.938,0.938,0
SDY_3587,0.938,0.938,0
SDY_3574,0.938,0.938,0
SDY_2220,0.938,0.0,1
SDY_3659,0.938,0.938,0
SDY_3076,0.938,0.938,0
SDY_3320,0.938,0.938,0
SDY_2104,0.938,0.938,0
SDY_0948,0.938,0.938,0
SDY_2196,0.938,0.938,0
gudD,0.938,0.938,0
SDY_0947,0.938,0.938,0
gudX,0.938,0.938,0
SDY_2348,0.938,0.935,0
SDY_3078,0.938,0.938,0
SDY_3575,0.938,0.938,0
SDY_0949,0.938,0.938,0
SDY_4061,0.938,0.938,0
SDY_4036,0.938,0.938,0
SDY_1226,0.938,0.938,0
SDY_3079,0.938,0.938,0
SDY_1842,0.938,0.938,0
SDY_3077,0.938,0.938,0
SDY_3577,0.938,0.938,0
SDY_2726,0.938,0.0,1
SDY_3576,0.938,0.938,0
SDY_3873,0.938,0.938,0
SDY_4532,0.938,0.938,0
SDY_2725,0.938,0.0,1
SDY_3055,0.938,-0.0,1
SDY_0614,0.938,0.938,0
SDY_3938,0.938,0.0,1
SDY_0785,0.938,0.938,0
SDY_3936,0.938,-0.0,1
SDY_2724,0.938,0.0,1
SDY_0787,0.938,0.938,0
SDY_2016,0.938,-0.0,1
SDY_0786,0.938,0.938,0
SDY_0191,0.938,0.0,1
SDY_2461,0.938,0.938,0
SDY_3226,0.938,-0.0,1
SDY_2263,0.938,0.938,0
SDY_0474,0.938,0.937,0
SDY_0524,0.938,0.938,0
SDY_1614,0.938,0.938,0
SDY_0526,0.938,0.938,0
SDY_2885,0.938,0.938,0
SDY_4328,0.938,0.938,0
SDY_2218,0.938,0.0,1
SDY_1615,0.938,0.938,0
SDY_0710,0.938,0.938,0
SDY_2216,0.938,0.0,1
SDY_2619,0.938,0.938,0
SDY_1330,0.938,-0.0,1
SDY_3830,0.938,0.938,0
SDY_1514,0.938,0.899,0
SDY_3978,0.938,0.0,1
SDY_0154,0.938,0.0,1
SDY_0048,0.938,0.938,0
SDY_0009,0.938,0.0,1
SDY_0336,0.938,0.936,0
SDY_2083,0.938,-0.0,1
SDY_0821,0.938,-0.0,1
SDY_2704,0.938,-0.0,1
SDY_3340,0.938,0.938,0
SDY_0761,0.938,-0.0,1
SDY_0983,0.938,0.938,0
SDY_3193,0.938,0.938,0
SDY_0281,0.938,0.924,0
SDY_0100,0.938,0.938,0
SDY_3776,0.938,0.0,1
SDY_0099,0.938,0.938,0
SDY_2096,0.938,0.938,0
SDY_3917,0.938,0.938,0
SDY_0098,0.938,0.938,0
SDY_1905,0.938,0.938,0
SDY_1141,0.938,0.938,0
SDY_2608,0.938,0.938,0
SDY_3730,0.938,0.938,0
SDY_0101,0.938,0.938,0
SDY_2041,0.938,0.938,0
SDY_3912,0.938,0.938,0
SDY_2340,0.938,0.0,1
SDY_0982,0.938,0.938,0
SDY_0987,0.938,0.938,0
SDY_3379,0.938,0.0,1
SDY_2472,0.938,0.73,0
SDY_1264,0.938,0.0,1
SDY_2473,0.938,0.73,0
SDY_4365,0.938,0.938,0
SDY_3211,0.938,0.938,0
SDY_1378,0.938,0.938,0
SDY_1475,0.938,0.938,0
SDY_0694,0.938,-0.0,1
SDY_2481,0.938,0.73,0
SDY_2476,0.938,0.73,0
SDY_3466,0.938,0.938,0
SDY_2478,0.938,0.73,0
SDY_2483,0.938,0.73,0
SDY_4122,0.938,0.938,0
SDY_2477,0.938,0.73,0
SDY_1888,0.938,-0.0,1
SDY_4001,0.938,0.938,0
SDY_2482,0.938,0.73,0
SDY_2475,0.938,0.73,0
SDY_0319,0.938,-0.0,1
SDY_3995,0.938,0.938,0
SDY_3896,0.938,0.938,0
SDY_2480,0.938,0.73,0
SDY_2474,0.938,0.73,0
SDY_0090,0.938,0.938,0
SDY_1308,0.938,0.938,0
SDY_3512,0.938,0.938,0
SDY_4367,0.938,0.938,0
SDY_0088,0.938,0.938,0
SDY_2479,0.938,0.73,0
SDY_2484,0.938,0.73,0
SDY_0070,0.938,0.938,0
mdfA,0.938,0.938,0
SDY_2788,0.938,0.0,1
SDY_2884,0.938,0.0,1
SDY_4038,0.938,0.938,0
SDY_3212,0.938,0.938,0
SDY_2453,0.938,0.938,0
SDY_3842,0.938,0.938,0
SDY_3844,0.938,0.938,0
SDY_0378,0.938,0.938,0
SDY_2428,0.938,0.938,0
SDY_1540,0.938,0.0,1
SDY_2156,0.938,0.938,0
SDY_3797,0.938,0.938,0
SDY_2429,0.938,0.938,0
SDY_1404,0.938,0.938,0
SDY_4467,0.938,0.938,0
SDY_2868,0.938,0.938,0
SDY_1550,0.938,0.938,0
SDY_1551,0.938,0.938,0
SDY_1857,0.938,0.938,0
SDY_2326,0.938,0.938,0
SDY_2869,0.938,0.938,0
dtpD,0.938,0.938,0
SDY_1223,0.938,0.938,0
SDY_3566,0.938,0.938,0
SDY_4257,0.938,0.938,0
SDY_3016,0.938,0.938,0
SDY_4256,0.938,0.938,0
SDY_0018,0.938,0.938,0
SDY_0909,0.938,0.938,0
SDY_3693,0.938,0.936,0
SDY_1464,0.938,0.938,0
SDY_3168,0.938,0.328,0
SDY_2714,0.938,0.938,0
SDY_2155,0.938,0.938,0
SDY_0388,0.938,0.938,0
cobC,0.938,0.938,0
SDY_4520,0.938,0.938,0
SDY_0564,0.938,0.938,0
SDY_1911,0.938,0.938,0
SDY_1912,0.938,0.938,0
SDY_1910,0.938,0.938,0
SDY_1914,0.938,0.938,0
SDY_2907,0.938,0.938,0
SDY_2908,0.938,0.938,0
SDY_3607,0.938,0.938,0
SDY_3633,0.938,0.938,0
SDY_1913,0.938,0.938,0
SDY_1877,0.938,0.938,0
SDY_3634,0.938,0.938,0
SDY_0545,0.938,0.938,0
SDY_3635,0.938,0.938,0
SDY_0248,0.938,0.938,0
SDY_4647,0.938,0.938,0
SDY_1532,0.938,0.938,0
SDY_3631,0.938,0.938,0
SDY_0552,0.938,0.938,0
SDY_3632,0.938,0.938,0
SDY_0561,0.938,0.0,1
SDY_2951,0.938,0.0,1
SDY_0550,0.938,0.938,0
SDY_2950,0.938,0.0,1
SDY_0198,0.938,0.0,1
SDY_2902,0.938,0.938,0
SDY_0404,0.938,0.938,0
SDY_2656,0.938,-0.0,1
SDY_4651,0.938,0.938,0
SDY_0695,0.938,0.938,0
SDY_3918,0.938,0.938,0
SDY_1505,0.938,0.938,0
SDY_3192,0.938,0.938,0
SDY_4212,0.938,0.938,0
SDY_2110,0.938,0.938,0
SDY_1509,0.938,0.938,0
SDY_2242,0.938,0.938,0
SDY_0139,0.938,0.0,1
SDY_3839,0.938,0.938,0
SDY_2460,0.938,0.938,0
SDY_0829,0.938,-0.0,1
SDY_0515,0.938,0.938,0
SDY_1701,0.938,0.938,0
SDY_4040,0.938,0.0,1
SDY_1278,0.938,0.938,0
SDY_1829,0.938,0.938,0
SDY_2561,0.938,0.938,0
SDY_3529,0.938,0.938,0
SDY_2058,0.938,0.0,1
SDY_2717,0.938,0.938,0
SDY_0557,0.938,0.938,0
SDY_0872,0.938,0.938,0
SDY_1720,0.938,0.938,0
SDY_0114,0.938,0.938,0
SDY_3014,0.938,0.938,0
SDY_2368,0.938,0.938,0
SDY_0873,0.938,0.938,0
SDY_0874,0.938,0.938,0
SDY_0165,0.938,0.938,0
SDY_0875,0.938,0.938,0
SDY_3013,0.938,0.938,0
SDY_3308,0.938,0.938,0
SDY_3682,0.938,0.938,0
SDY_0876,0.938,0.938,0
SDY_3363,0.938,0.938,0
SDY_1281,0.938,0.938,0
SDY_3274,0.938,0.938,0
SDY_0554,0.938,0.938,0
SDY_2112,0.938,0.938,0
SDY_1533,0.938,0.938,0
SDY_1282,0.938,0.938,0
SDY_1280,0.938,0.938,0
SDY_2233,0.938,0.938,0
SDY_1279,0.938,0.938,0
SDY_1531,0.938,0.938,0
SDY_0841,0.938,0.938,0
SDY_2459,0.938,0.938,0
SDY_2154,0.938,0.938,0
SDY_3530,0.938,-0.0,1
SDY_2742,0.938,0.938,0
SDY_2527,0.938,0.938,0
SDY_3412,0.938,0.915,0
SDY_2943,0.938,0.938,0
SDY_3458,0.938,0.938,0
SDY_0866,0.938,0.938,0
SDY_0355,0.938,0.938,0
SDY_4633,0.938,0.938,0
SDY_2487,0.938,0.938,0
maeA,0.938,0.938,0
SDY_0438,0.938,0.938,0
SDY_3689,0.938,0.938,0
SDY_2645,0.938,0.938,0
SDY_2711,0.938,0.0,1
SDY_3774,0.938,-0.0,1
SDY_2945,0.938,-0.0,1
SDY_2254,0.938,0.938,0
SDY_4431,0.938,0.938,0
SDY_2946,0.938,0.0,1
SDY_4655,0.938,0.938,0
SDY_3130,0.938,-0.0,1
SDY_0956,0.938,0.938,0
SDY_0216,0.938,0.938,0
SDY_2998,0.938,0.938,0
SDY_3118,0.938,0.938,0
SDY_1255,0.938,0.937,0
SDY_1554,0.938,0.938,0
SDY_0218,0.938,0.938,0
SDY_1553,0.938,0.938,0
SDY_1516,0.938,0.938,0
SDY_0217,0.938,0.938,0
SDY_3528,0.938,0.938,0
SDY_1882,0.938,0.938,0
SDY_3914,0.938,0.938,0
SDY_3838,0.938,0.938,0
SDY_3527,0.938,0.938,0
SDY_4322,0.938,0.938,0
SDY_1870,0.938,0.938,0
wbbJ,0.938,0.938,0
SDY_4456,0.938,0.938,0
SDY_3306,0.938,0.938,0
SDY_1632,0.938,0.938,0
SDY_1489,0.938,0.938,0
SDY_2456,0.938,0.938,0
SDY_2457,0.938,0.938,0
SDY_2822,0.938,0.938,0
SDY_2181,0.938,0.938,0
SDY_2359,0.938,0.938,0
SDY_2358,0.938,0.938,0
SDY_0661,0.938,0.882,0
SDY_0662,0.938,0.882,0
SDY_4261,0.938,0.938,0
SDY_0660,0.938,0.882,0
SDY_0938,0.938,0.938,0
SDY_0659,0.938,0.882,0
SDY_4653,0.938,0.938,0
SDY_4276,0.938,-0.0,1
SDY_3031,0.938,0.938,0
SDY_0666,0.938,0.904,0
SDY_3109,0.938,0.938,0
SDY_0667,0.938,0.904,0
SDY_3368,0.938,-0.0,1
SDY_2897,0.938,0.938,0
SDY_2748,0.938,0.938,0
SDY_2354,0.938,0.0,1
SDY_0008,0.938,0.938,0
SDY_3247,0.938,0.938,0
SDY_1231,0.938,0.938,0
SDY_0502,0.938,0.938,0
SDY_0598,0.938,0.938,0
scpB,0.938,0.938,0
SDY_3958,0.938,0.938,0
scpA,0.938,0.938,0
SDY_1357,0.938,-0.0,1
SDY_0822,0.938,-0.0,1
SDY_3174,0.938,0.938,0
SDY_3957,0.938,0.938,0
SDY_4063,0.938,0.0,1
SDY_3902,0.938,-0.0,1
SDY_0712,0.938,0.938,0
SDY_2510,0.938,-0.0,1
SDY_2205,0.938,0.938,0
SDY_2204,0.938,0.938,0
SDY_3908,0.938,0.938,0
SDY_0711,0.938,0.938,0
SDY_3107,0.938,0.938,0
SDY_2343,0.938,-0.0,1
SDY_2621,0.938,0.938,0
SDY_4073,0.938,0.0,1
SDY_2618,0.938,0.938,0
SDY_2571,0.938,0.938,0
SDY_0182,0.938,0.0,1
SDY_2620,0.938,0.938,0
SDY_2669,0.938,0.938,0
SDY_0356,0.938,0.0,1
SDY_4059,0.938,0.938,0
SDY_0155,0.938,0.0,1
SDY_1354,0.938,0.938,0
SDY_0094,0.938,0.938,0
SDY_0093,0.938,0.938,0
SDY_0095,0.938,0.938,0
SDY_4049,0.938,0.938,0
SDY_3976,0.938,0.938,0
SDY_4317,0.938,0.938,0
SDY_3309,0.938,0.938,0
SDY_0117,0.938,0.0,1
SDY_2964,0.938,0.0,1
SDY_0144,0.938,0.882,0
SDY_0145,0.938,0.882,0
SDY_1861,0.938,0.938,0
SDY_0077,0.938,0.0,1
SDY_2805,0.938,0.0,1
SDY_2519,0.938,0.0,1
eptB,0.938,0.938,0
SDY_1816,0.938,0.938,0
SDY_3831,0.938,0.938,0
SDY_3786,0.938,0.938,0
SDY_3787,0.938,0.938,0
SDY_3357,0.938,0.0,1
SDY_3169,0.938,0.911,0
SDY_4226,0.938,0.919,0
SDY_3156,0.938,0.758,0
SDY_2011,0.938,0.933,0
SDY_3694,0.938,0.938,0
SDY_4045,0.938,0.938,0
SDY_4656,0.938,0.938,0
SDY_0702,0.938,0.938,0
SDY_0628,0.938,0.938,0
SDY_2887,0.938,0.938,0
SDY_0316,0.938,0.938,0
SDY_1106,0.938,0.938,0
SDY_0877,0.938,0.938,0
SDY_0879,0.938,0.938,0
SDY_0881,0.938,0.938,0
SDY_0880,0.938,0.938,0
SDY_0878,0.938,0.938,0
SDY_1808,0.938,0.938,0
SDY_1809,0.938,0.938,0
SDY_1603,0.938,0.938,0
SDY_0489,0.938,0.938,0
SDY_3086,0.938,0.934,0
SDY_4025,0.938,0.938,0
SDY_4024,0.938,0.938,0
SDY_4023,0.938,0.938,0
SDY_4022,0.938,0.938,0
SDY_3922,0.938,0.938,0
SDY_3663,0.938,-0.0,1
SDY_3754,0.938,-0.0,1
SDY_3435,0.938,0.938,0
SDY_0985,0.938,0.938,0
SDY_1461,0.938,0.938,0
SDY_2392,0.938,0.938,0
SDY_4462,0.938,0.938,0
SDY_2691,0.938,0.938,0
SDY_0990,0.938,0.938,0
SDY_0501,0.938,-0.0,1
SDY_3791,0.938,-0.0,1
SDY_4069,0.938,0.0,1
SDY_3673,0.938,0.938,0
SDY_2690,0.938,0.921,0
SDY_4643,0.938,0.938,0
SDY_3701,0.938,0.938,0
SDY_3895,0.938,0.0,1
SDY_2732,0.938,0.938,0
SDY_1794,0.938,0.938,0
SDY_3721,0.938,-0.0,1
SDY_2688,0.938,0.0,1
SDY_2215,0.938,-0.0,1
SDY_2664,0.938,-0.0,1
SDY_2747,0.938,-0.0,1
SDY_2217,0.938,0.0,1
SDY_0213,0.938,0.938,0
SDY_1256,0.938,0.938,0
SDY_2353,0.938,0.0,1
SDY_4432,0.938,-0.0,1
SDY_4649,0.938,0.911,0
SDY_2828,0.938,0.0,1
SDY_2493,0.938,0.925,0
SDY_4064,0.938,0.0,1
patA,0.938,0.938,0
SDY_2026,0.938,0.938,0
SDY_1733,0.938,0.938,0
ydcV,0.938,0.938,0
SDY_2028,0.938,0.938,0
SDY_2027,0.938,0.938,0
SDY_1734,0.938,0.938,0
SDY_0739,0.938,0.938,0
SDY_0738,0.938,0.938,0
SDY_0740,0.938,0.938,0
ydcU,0.938,0.938,0
SDY_2029,0.938,0.938,0
SDY_0741,0.938,0.938,0
puuP,0.938,0.938,0
SDY_1859,0.938,0.938,0
SDY_1814,0.938,0.938,0
SDY_3920,0.938,0.938,0
SDY_3737,0.938,-0.0,1
SDY_3734,0.938,-0.0,1
SDY_3735,0.938,-0.0,1
SDY_0307,0.938,-0.0,1
SDY_3141,0.938,-0.0,1
SDY_3044,0.938,0.0,1
SDY_2044,0.938,0.938,0
SDY_0317,0.938,0.0,1
SDY_3733,0.938,0.0,1
SDY_3826,0.938,0.884,0
SDY_2373,0.938,0.938,0
SDY_4258,0.938,0.938,0
SDY_1193,0.938,0.938,0
SDY_1246,0.938,0.938,0
SDY_4259,0.938,0.938,0
SDY_1329,0.938,0.0,1
SDY_1328,0.938,0.0,1
SDY_3695,0.938,0.938,0
SDY_4204,0.938,0.938,0
SDY_3319,0.938,0.938,0
SDY_3736,0.938,0.0,1
SDY_1860,0.938,0.938,0
SDY_1111,0.938,0.938,0
SDY_0195,0.938,-0.0,1
SDY_0115,0.938,0.0,1
SDY_3961,0.938,0.938,0
SDY_3962,0.938,0.938,0
SDY_0197,0.938,0.0,1
SDY_3370,0.938,-0.0,1
SDY_0120,0.938,0.0,1
SDY_0118,0.938,0.0,1
SDY_0121,0.938,-0.0,1
SDY_3756,0.938,-0.0,1
SDY_0843,0.938,0.938,0
SDY_0190,0.938,0.0,1
SDY_0706,0.938,0.938,0
SDY_2213,0.938,0.938,0
arnA,0.938,0.938,0
SDY_2449,0.938,0.938,0
SDY_0705,0.938,0.938,0
SDY_0397,0.938,0.938,0
SDY_0116,0.938,0.0,1
SDY_0126,0.938,-0.0,1
arnE,0.938,0.938,0
SDY_2454,0.938,0.938,0
SDY_4251,0.938,0.938,0
SDY_0187,0.938,0.938,0
SDY_2452,0.938,0.938,0
arnC,0.938,0.938,0
SDY_3943,0.938,0.938,0
SDY_3942,0.938,-0.0,1
SDY_3729,0.938,-0.0,1
SDY_2687,0.938,0.938,0
rutB,0.938,0.938,0
SDY_2686,0.938,0.938,0
SDY_0981,0.938,0.938,0
SDY_0276,0.938,0.0,1
SDY_4282,0.938,0.938,0
SDY_2877,0.938,0.938,0
SDY_2878,0.938,0.938,0
SDY_3707,0.938,0.938,0
ulaE,0.938,0.938,0
SDY_1145,0.938,0.938,0
SDY_1144,0.938,0.938,0
SDY_1146,0.938,0.938,0
SDY_2550,0.938,0.938,0
SDY_1026,0.938,0.938,0
SDY_1022,0.938,0.938,0
SDY_2551,0.938,0.938,0
SDY_1025,0.938,0.938,0
SDY_2207,0.938,0.938,0
SDY_2837,0.938,0.938,0
SDY_4352,0.938,0.938,0
xapA,0.938,0.938,0
SDY_3393,0.938,0.938,0
SDY_3394,0.938,0.938,0
SDY_1456,0.938,0.938,0
SDY_1454,0.938,0.938,0
SDY_1457,0.938,0.938,0
SDY_1455,0.938,0.938,0
SDY_2558,0.938,0.938,0
SDY_4056,0.938,0.938,0
SDY_4058,0.938,0.938,0
SDY_4057,0.938,0.938,0
SDY_0079,0.938,0.938,0
SDY_0563,0.938,0.938,0
SDY_0358,0.938,0.938,0
SDY_1050,0.938,0.938,0
SDY_1629,0.938,0.938,0
SDY_1684,0.938,0.938,0
dosC,0.938,0.938,0
