"gene, label"
SF2299,0.915,0.915,0
SF0926,0.915,0.915,0
SF4181,0.915,0.915,0
SF3858,0.915,0.915,0
SF0289,0.915,0.915,0
SF0614,0.915,0.915,0
SF0002,0.915,0.915,0
SF4018,0.915,0.915,0
SF1823,0.915,0.915,0
SF4293,0.915,0.915,0
SF0925,0.915,-0.0,1
SF2470,0.915,0.902,0
SF2471,0.915,0.902,0
SF4172,0.915,0.915,0
SF4170,0.915,0.915,0
SF1876,0.915,0.915,0
SF4173,0.915,0.915,0
SF4171,0.915,0.915,0
SF4169,0.915,0.915,0
SF4273,0.915,0.915,0
SF0626,0.915,0.915,0
SF0629,0.915,0.915,0
SF2845,0.915,0.915,0
SF0627,0.915,0.915,0
SF0628,0.915,0.915,0
SF3560,0.915,0.915,0
SF4100,0.915,0.915,0
SF4292,0.915,0.915,0
SF4137,0.915,0.915,0
SF1070,0.915,0.915,0
SF3536,0.915,0.915,0
SF1105,0.915,0.915,0
SF2472,0.915,0.915,0
SF4036,0.915,0.0,1
SF2846,0.915,0.903,0
SF2829,0.915,0.0,1
SF3587,0.915,0.915,0
SF1153,0.915,0.915,0
SF0391,0.915,0.915,0
SF3790,0.915,0.915,0
SF1012,0.915,0.915,0
SF0073,0.915,0.915,0
SF0170,0.915,0.0,1
SF0072,0.915,0.915,0
SF3791,0.915,0.915,0
SF0954,0.915,0.915,0
SF1097,0.915,0.0,1
SF2372,0.915,0.915,0
SF2399,0.915,0.0,1
SF1099,0.915,0.915,0
SF1246,0.915,0.915,0
SF1248,0.915,0.915,0
SF1247,0.915,0.915,0
SF1841,0.915,0.915,0
SF1245,0.915,0.915,0
SF0004,0.915,0.0,1
SF1182,0.915,0.915,0
SF1244,0.915,0.915,0
SF0151,0.915,0.0,1
SF3237,0.915,0.915,0
SF3155,0.915,0.915,0
SF1479,0.915,0.915,0
SF1556,0.915,0.915,0
SF2081,0.915,0.0,1
SF3815,0.915,0.409,0
SF2731,0.915,0.915,0
SF3817,0.915,0.409,0
SF3814,0.915,0.409,0
SF3813,0.915,0.409,0
SF1098,0.915,0.0,1
SF3812,0.915,0.409,0
SF1859,0.915,0.915,0
SF3867,0.915,0.915,0
SF3819,0.915,0.915,0
SF1970,0.915,0.915,0
SF3818,0.915,0.409,0
SF3811,0.915,0.409,0
SF2481,0.915,0.915,0
SF3615,0.915,0.915,0
SF3869,0.915,0.915,0
SF2887,0.915,0.915,0
SF1411,0.915,0.915,0
SF3816,0.915,0.409,0
SF2689,0.915,0.915,0
SF1410,0.915,0.915,0
SF1409,0.915,0.915,0
SF1307,0.915,0.915,0
SF2483,0.915,0.915,0
SF0777,0.915,0.0,1
SF1774,0.915,0.915,0
SF3928,0.915,0.0,1
SF3260,0.915,0.915,0
SF2690,0.915,0.915,0
SF3927,0.915,0.915,0
SF3921,0.915,0.915,0
SF4272,0.915,0.0,1
SF4211,0.915,0.915,0
SF2420,0.915,0.915,0
SF3261,0.915,0.915,0
SF0724,0.915,0.0,1
SF1240,0.915,0.915,0
s0001,0.915,-0.0,1
SF0253,0.915,0.915,0
SF0271,0.915,0.903,0
SF2061,0.915,0.915,0
SF1095,0.915,0.0,1
SF0252,0.915,0.915,0
SF0175,0.915,-0.0,1
SF0935,0.915,0.915,0
SF4034,0.915,-0.0,1
SF3294,0.915,-0.0,1
SF4227,0.915,-0.0,1
SF0251,0.915,0.915,0
SF3293,0.915,-0.0,1
SF3241,0.915,-0.0,1
SF3240,0.915,0.0,1
SF2392,0.915,-0.0,1
SF3239,0.915,0.0,1
SF4228,0.915,-0.0,1
ssuC,0.915,0.915,0
SF1123,0.915,0.915,0
SF2231,0.915,0.915,0
SF1238,0.915,0.915,0
SF0930,0.915,0.915,0
SF1576,0.915,0.915,0
SF4416,0.915,0.915,0
SF4414,0.915,0.915,0
SF1219,0.915,0.915,0
SF1280,0.915,0.915,0
SF2330,0.915,0.915,0
SF3679,0.915,0.915,0
SF0115,0.915,0.915,0
SF4286,0.915,0.915,0
SF0163,0.915,0.0,1
SF1496,0.915,0.915,0
SF0357,0.915,0.0,1
SF4020,0.915,0.915,0
SF3378,0.915,0.0,1
SF3608,0.915,0.915,0
SF1444,0.915,0.752,0
SF3236,0.915,0.0,1
astC,0.915,0.915,0
SF2912,0.915,0.915,0
SF1094,0.915,0.915,0
SF1272,0.915,0.915,0
SF1293,0.915,0.0,1
SF0452,0.915,0.909,0
SF3868,0.915,0.915,0
SF2625,0.915,0.915,0
SF3859,0.915,0.915,0
SF3866,0.915,0.915,0
SF0030,0.915,0.915,0
SF2419,0.915,0.915,0
SF0029,0.915,0.915,0
SF3493,0.915,0.915,0
SF1860,0.915,0.915,0
SF0389,0.915,0.915,0
SF1861,0.915,0.915,0
SF2640,0.915,0.915,0
SF1061,0.915,0.915,0
SF1561,0.915,0.915,0
SF3487,0.915,0.915,0
SF1865,0.915,0.915,0
SF0552,0.915,0.915,0
SF4127,0.915,0.915,0
SF2444,0.915,0.915,0
SF3993,0.915,0.915,0
SF2794,0.915,0.812,0
SF1648,0.915,0.915,0
SF1100,0.915,0.915,0
SF0495,0.915,0.915,0
SF0497,0.915,0.915,0
SF1416,0.915,0.915,0
SF3080,0.915,0.0,1
SF0775,0.915,0.915,0
SF3996,0.915,0.915,0
SF3379,0.915,0.915,0
SF4024,0.915,0.915,0
SF3796,0.915,0.915,0
SF2807,0.915,0.915,0
SF0772,0.915,0.915,0
SF3795,0.915,0.915,0
SF1211,0.915,0.0,1
SF3694,0.915,0.915,0
acpH,0.915,0.915,0
SF3746,0.915,0.915,0
SF1689,0.915,0.915,0
SF0397,0.915,0.903,0
SF0419,0.915,0.0,1
SF1423,0.915,0.915,0
SF0117,0.915,0.915,0
SF1529,0.915,0.915,0
SF2216,0.915,0.915,0
SF2215,0.915,0.915,0
SF3878,0.915,0.915,0
SF3920,0.915,0.915,0
SF2779,0.915,-0.0,1
SF0027,0.915,0.915,0
SF2213,0.915,0.915,0
SF2214,0.915,0.915,0
SF2780,0.915,-0.0,1
SF2910,0.915,0.915,0
SF2961,0.915,0.915,0
SF2159,0.915,0.915,0
SF2458,0.915,0.915,0
SF2660,0.915,-0.0,1
SF2659,0.915,0.0,1
SF1450,0.915,0.915,0
SF2405,0.915,0.0,1
SF4258,0.915,0.915,0
SF0348,0.915,0.915,0
SF4003,0.915,0.915,0
SF4166,0.915,0.0,1
SF2920,0.915,0.915,0
SF0533,0.915,0.915,0
SF2060,0.915,0.915,0
SF2816,0.915,0.915,0
SF1520,0.915,0.915,0
SF0534,0.915,0.915,0
SF2814,0.915,0.915,0
SF0532,0.915,0.915,0
SF0150,0.915,0.915,0
SF1522,0.915,0.915,0
SF0420,0.915,0.0,1
SF1749,0.915,0.915,0
SF3051,0.915,0.915,0
citX,0.915,0.915,0
SF3969,0.915,0.915,0
SF3050,0.915,0.915,0
SF1750,0.915,0.915,0
SF4048,0.915,0.915,0
citT,0.915,0.915,0
SF3968,0.915,0.915,0
SF0739,0.915,0.915,0
SF1751,0.915,0.914,0
SF1250,0.915,0.915,0
SF1613,0.915,0.915,0
SF1255,0.915,0.915,0
SF3074,0.915,0.915,0
SF0147,0.915,0.915,0
SF0934,0.915,0.915,0
SF3415,0.915,0.915,0
SF3428,0.915,0.915,0
SF0414,0.915,0.915,0
SF2512,0.915,0.915,0
SF3075,0.915,0.915,0
SF2457,0.915,0.915,0
SF0408,0.915,0.915,0
SF0502,0.915,0.915,0
SF2773,0.915,0.0,1
SF0506,0.915,0.915,0
SF1150,0.915,0.0,1
SF3894,0.915,0.915,0
SF0504,0.915,0.915,0
SF0503,0.915,0.915,0
SF2261,0.915,0.915,0
fiu,0.915,0.915,0
SF4332,0.915,0.0,1
SF0616,0.915,0.915,0
SF0142,0.915,0.915,0
SF0910,0.915,-0.0,1
SF0496,0.915,0.915,0
SF2781,0.915,0.915,0
SF0107,0.915,0.915,0
SF0505,0.915,0.915,0
SF4400,0.915,0.915,0
SF2488,0.915,0.915,0
SF0733,0.915,0.0,1
SF0731,0.915,0.0,1
SF4277,0.915,0.915,0
SF2489,0.915,0.915,0
SF4324,0.915,0.915,0
SF4002,0.915,0.915,0
SF2828,0.915,0.915,0
SF2881,0.915,0.915,0
SF1111,0.915,0.915,0
SF3937,0.915,0.915,0
SF0609,0.915,0.915,0
SF0035,0.915,0.915,0
SF0034,0.915,0.915,0
SF0377,0.915,0.915,0
SF3319,0.915,0.915,0
SF0033,0.915,0.915,0
SF0021,0.915,0.0,1
SF3659,0.915,0.915,0
SF0936,0.915,0.915,0
SF2706,0.915,0.915,0
SF2705,0.915,0.915,0
SF2897,0.915,0.915,0
SF2707,0.915,0.915,0
SF2927,0.915,0.915,0
SF2441,0.915,0.915,0
SF0899,0.915,0.914,0
SF3062,0.915,-0.0,1
SF4035,0.915,-0.0,1
SF4112,0.915,0.915,0
SF0037,0.915,0.915,0
SF4309,0.915,0.915,0
SF0481,0.915,0.915,0
SF4311,0.915,0.915,0
SF0577,0.915,0.0,1
SF4312,0.915,0.915,0
SF4310,0.915,0.915,0
SF3922,0.915,0.911,0
SF0473,0.915,0.915,0
SF2253,0.915,0.915,0
SF0474,0.915,0.915,0
SF2795,0.915,0.0,1
SF3390,0.915,0.915,0
SF0119,0.915,0.915,0
SF3391,0.915,0.915,0
cusB,0.915,0.915,0
SF3392,0.915,0.915,0
SF0429,0.915,0.915,0
frlA,0.915,0.915,0
SF4078,0.915,-0.0,1
SF4199,0.915,0.915,0
SF0453,0.915,-0.0,1
SF0454,0.915,-0.0,1
SF3447,0.915,0.915,0
SF2254,0.915,0.915,0
SF1313,0.915,0.915,0
SF2252,0.915,0.915,0
SF0570,0.915,0.897,0
SF1232,0.915,0.914,0
SF0113,0.915,0.865,0
SF0571,0.915,0.897,0
SF1962,0.915,0.915,0
SF2815,0.915,0.915,0
SF1634,0.915,0.915,0
SF3754,0.915,0.914,0
SF2649,0.915,0.915,0
SF0659,0.915,0.915,0
SF3810,0.915,0.0,1
ddpX,0.915,0.915,0
SF3053,0.915,0.915,0
SF1006,0.915,0.915,0
SF2476,0.915,0.915,0
SF3863,0.915,0.915,0
SF2469,0.915,0.915,0
SF3575,0.915,0.915,0
SF2102,0.915,0.915,0
SF3576,0.915,0.915,0
SF0146,0.915,0.0,1
SF3579,0.915,0.915,0
SF2824,0.915,0.915,0
SF2580,0.915,0.915,0
SF1647,0.915,0.915,0
SF0457,0.915,0.915,0
SF3578,0.915,0.915,0
SF3577,0.915,0.915,0
SF4149,0.915,0.915,0
SF4164,0.915,0.915,0
SF0089,0.915,0.915,0
SF0846,0.915,0.915,0
SF3647,0.915,-0.0,1
SF0845,0.915,0.915,0
SF3448,0.915,0.915,0
SF0232,0.915,0.915,0
SF2323,0.915,0.915,0
SF1331,0.915,0.915,0
SF0980,0.915,0.379,0
SF0981,0.915,0.379,0
SF2325,0.915,0.915,0
SF2324,0.915,0.915,0
SF2228,0.915,0.915,0
SF4152,0.915,0.915,0
SF0293,0.915,0.914,0
SF1179,0.915,0.915,0
SF0630,0.915,0.915,0
SF0615,0.915,0.915,0
SF1862,0.915,0.91,0
SF3165,0.915,0.915,0
SF2247,0.915,0.915,0
SF2598,0.915,0.899,0
dgoD,0.915,0.915,0
SF0825,0.915,0.915,0
SF2130,0.915,0.915,0
SF4387,0.915,0.915,0
SF0906,0.915,0.912,0
SF2445,0.915,0.915,0
SF2366,0.915,0.915,0
SF3772,0.915,0.915,0
SF2720,0.915,0.915,0
SF3014,0.915,0.915,0
SF3164,0.915,0.915,0
SF3475,0.915,0.915,0
SF2802,0.915,0.915,0
SF3474,0.915,0.915,0
SF3478,0.915,0.915,0
SF3642,0.915,0.915,0
SF2108,0.915,0.915,0
SF1178,0.915,0.915,0
SF0547,0.915,0.915,0
SF3472,0.915,0.915,0
SF3473,0.915,0.915,0
SF0548,0.915,0.915,0
SF4278,0.915,0.914,0
SF4163,0.915,0.915,0
SF4104,0.915,0.915,0
SF2848,0.915,0.0,1
SF2156,0.915,0.915,0
SF2155,0.915,0.915,0
SF3887,0.915,0.0,1
SF1747,0.915,0.915,0
SF2154,0.915,0.915,0
SF0165,0.915,0.0,1
SF3133,0.915,0.915,0
SF3081,0.915,0.0,1
SF0728,0.915,0.0,1
SF1305,0.915,0.915,0
SF1236,0.915,0.915,0
SF3626,0.915,0.915,0
SF2235,0.915,0.915,0
SF1494,0.915,0.915,0
SF4263,0.915,0.915,0
SF2129,0.915,0.915,0
SF0450,0.915,0.915,0
SF0625,0.915,0.915,0
SF4260,0.915,0.915,0
SF2421,0.915,0.915,0
SF4262,0.915,0.915,0
SF3770,0.915,0.915,0
SF1706,0.915,0.915,0
SF2234,0.915,0.915,0
SF2233,0.915,0.915,0
SF1442,0.915,0.915,0
SF3986,0.915,0.915,0
SF4261,0.915,0.915,0
SF2934,0.915,0.915,0
SF3057,0.915,0.915,0
SF3047,0.915,0.915,0
SF3557,0.915,0.915,0
SF2544,0.915,0.912,0
SF0192,0.915,0.915,0
SF1797,0.915,0.915,0
SF1526,0.915,0.915,0
SF0550,0.915,0.915,0
SF2115,0.915,0.915,0
SF3131,0.915,0.915,0
SF2797,0.915,0.915,0
SF3439,0.915,0.915,0
SF2661,0.915,0.915,0
SF3690,0.915,0.915,0
SF2114,0.915,0.915,0
SF3688,0.915,0.0,1
SF2509,0.915,0.915,0
SF3259,0.915,0.915,0
SF3809,0.915,0.0,1
SF3258,0.915,0.915,0
SF3846,0.915,0.0,1
SF1303,0.915,0.915,0
SF1201,0.915,0.915,0
SF0725,0.915,-0.0,1
SF1306,0.915,0.915,0
SF1203,0.915,0.915,0
SF1302,0.915,0.915,0
SF1202,0.915,0.915,0
SF3954,0.915,0.915,0
SF0510,0.915,0.915,0
SF0508,0.915,0.915,0
SF3911,0.915,0.915,0
SF3455,0.915,0.915,0
SF4066,0.915,0.0,1
maa,0.915,0.915,0
SF2053,0.915,0.915,0
SF2570,0.915,0.915,0
SF2588,0.915,0.915,0
SF0028,0.915,0.0,1
SF2521,0.915,0.0,1
SF0121,0.915,0.915,0
SF4229,0.915,0.915,0
SF0787,0.915,0.915,0
SF0929,0.915,0.915,0
SF0285,0.915,0.915,0
SF0045,0.915,0.915,0
SF1627,0.915,0.915,0
SF2391,0.915,0.915,0
SF3458,0.915,0.915,0
SF4008,0.915,0.915,0
SF1667,0.915,0.915,0
SF3438,0.915,0.915,0
SF3440,0.915,0.915,0
SF2341,0.915,0.915,0
garL,0.915,0.915,0
SF1266,0.915,0.0,1
SF1267,0.915,0.0,1
SF2801,0.915,0.915,0
SF0726,0.915,0.0,1
SF0046,0.915,0.915,0
SF0561,0.915,0.915,0
SF2800,0.915,0.915,0
SF3452,0.915,0.915,0
SF3099,0.915,0.915,0
SF2876,0.915,0.915,0
SF3668,0.915,0.915,0
SF0118,0.915,0.915,0
SF3100,0.915,0.915,0
SF0946,0.915,0.915,0
SF1068,0.915,-0.0,1
SF1645,0.915,0.915,0
SF3454,0.915,0.915,0
SF3453,0.915,0.915,0
SF3217,0.915,0.915,0
SF0969,0.915,0.915,0
SF3940,0.915,0.915,0
SF0351,0.915,0.0,1
SF0144,0.915,0.915,0
SF0613,0.915,0.915,0
SF0143,0.915,0.915,0
nfsB,0.915,0.915,0
SF0762,0.915,0.915,0
SF2379,0.915,0.915,0
SF0145,0.915,0.915,0
SF0761,0.915,0.915,0
SF3733,0.915,0.915,0
SF0760,0.915,0.915,0
SF3407,0.915,0.0,1
SF2151,0.915,0.915,0
SF2851,0.915,0.915,0
SF0292,0.915,0.914,0
SF1735,0.915,0.915,0
SF1566,0.915,0.915,0
SF1723,0.915,0.0,1
SF2715,0.915,0.915,0
SF0358,0.915,0.0,1
SF0026,0.915,0.0,1
SF4108,0.915,0.915,0
SF1734,0.915,0.915,0
SF4106,0.915,0.915,0
SF1462,0.915,0.877,0
SF2931,0.915,0.915,0
SF2312,0.915,0.915,0
SF1569,0.915,0.915,0
SF1626,0.915,0.915,0
SF0430,0.915,0.915,0
SF4037,0.915,-0.0,1
ynfF,0.915,0.915,0
SF2388,0.915,-0.0,1
SF4049,0.915,0.0,1
SF3213,0.915,0.0,1
SF1213,0.915,0.0,1
SF1610,0.915,0.915,0
SF1611,0.915,0.915,0
SF2462,0.915,0.0,1
SF1917,0.915,0.915,0
SF3693,0.915,0.915,0
ynfE,0.915,0.915,0
SF0446,0.915,0.915,0
SF0818,0.915,0.915,0
SF4005,0.915,0.915,0
SF1913,0.915,0.915,0
SF3657,0.915,0.915,0
SF1914,0.915,0.915,0
SF2322,0.915,0.915,0
SF2386,0.915,0.915,0
SF2383,0.915,0.915,0
SF3161,0.915,0.915,0
SF2891,0.915,0.915,0
SF0816,0.915,0.915,0
SF0096,0.915,0.915,0
SF1875,0.915,0.915,0
SF2889,0.915,0.915,0
SF3619,0.915,0.915,0
SF0817,0.915,0.915,0
SF2890,0.915,0.915,0
SF2382,0.915,0.915,0
SF0100,0.915,0.0,1
ghrA,0.915,0.915,0
SF3848,0.915,-0.0,1
SF0814,0.915,0.915,0
SF2384,0.915,0.915,0
SF0815,0.915,0.915,0
SF4004,0.915,0.915,0
SF0198,0.915,0.915,0
SF2908,0.915,0.915,0
SF0362,0.915,0.915,0
SF3602,0.915,0.915,0
SF3456,0.915,0.0,1
SF3603,0.915,0.915,0
SF4413,0.915,0.915,0
SF2116,0.915,0.915,0
SF3931,0.915,0.915,0
SF1174,0.915,0.915,0
SF3093,0.915,0.915,0
SF2879,0.915,0.915,0
SF2644,0.915,0.915,0
SF4347,0.915,0.915,0
SF4350,0.915,0.915,0
SF4348,0.915,0.915,0
SF4349,0.915,0.915,0
SF4290,0.915,0.915,0
SF0191,0.915,0.915,0
SF0778,0.915,0.915,0
SF3854,0.915,0.915,0
SF0101,0.915,0.915,0
SF2553,0.915,0.0,1
SF0523,0.915,0.915,0
SF1456,0.915,0.915,0
SF2091,0.915,0.91,0
SF2954,0.915,0.915,0
SF1635,0.915,0.915,0
SF3459,0.915,0.915,0
SF1102,0.915,0.0,1
SF3466,0.915,0.915,0
SF0619,0.915,0.915,0
SF2321,0.915,0.915,0
SF3824,0.915,0.913,0
SF0927,0.915,0.915,0
preA,0.915,0.915,0
SF1682,0.915,0.915,0
SF3535,0.915,0.915,0
SF3649,0.915,0.915,0
SF0802,0.915,0.915,0
SF0128,0.915,0.0,1
SF1011,0.915,0.915,0
SF0422,0.915,0.915,0
SF3035,0.915,0.915,0
SF0460,0.915,0.899,0
SF4246,0.915,0.915,0
SF4245,0.915,-0.0,1
SF3531,0.915,0.915,0
SF4019,0.915,0.0,1
SF1521,0.915,0.915,0
SF1066,0.915,0.915,0
SF3464,0.915,0.915,0
SF2466,0.915,0.915,0
SF0780,0.915,0.915,0
SF4068,0.915,0.915,0
SF0779,0.915,0.915,0
SF1113,0.915,0.915,0
SF0781,0.915,0.915,0
SF0782,0.915,0.915,0
SF2938,0.915,0.915,0
SF2238,0.915,0.915,0
SF1281,0.915,0.0,1
SF3852,0.915,0.915,0
SF0286,0.915,0.915,0
SF0122,0.915,0.915,0
SF3132,0.915,0.915,0
SF1705,0.915,0.915,0
SF2358,0.915,0.743,0
SF0957,0.915,0.915,0
SF3947,0.915,0.915,0
SF3909,0.915,0.915,0
SF0832,0.915,0.915,0
SF4165,0.915,0.0,1
SF1015,0.915,0.915,0
SF2361,0.915,0.743,0
SF0123,0.915,0.0,1
SF1010,0.915,0.915,0
SF2362,0.915,0.743,0
SF0369,0.915,0.915,0
SF2355,0.915,0.743,0
SF3667,0.915,0.915,0
SF2352,0.915,0.743,0
SF3069,0.915,0.915,0
SF3661,0.915,0.915,0
SF1722,0.915,0.915,0
SF2353,0.915,0.743,0
SF2357,0.915,0.743,0
SF3660,0.915,0.915,0
SF2354,0.915,0.743,0
SF0554,0.915,0.915,0
SF3669,0.915,0.915,0
SF1690,0.915,0.0,1
SF2356,0.915,0.743,0
SF2360,0.915,0.743,0
SF2166,0.915,0.915,0
SF2363,0.915,0.743,0
SF2364,0.915,0.743,0
SF0352,0.915,0.0,1
SF2454,0.915,0.915,0
SF3835,0.915,0.915,0
SF2359,0.915,0.743,0
SF0330,0.915,0.915,0
SF2082,0.915,0.0,1
SF2674,0.915,0.0,1
SF0058,0.915,0.915,0
SF0056,0.915,0.915,0
SF2084,0.915,-0.0,1
SF3068,0.915,0.915,0
SF2560,0.915,0.915,0
SF1486,0.915,0.0,1
SF4353,0.915,0.915,0
SF2714,0.915,0.0,1
SF2385,0.915,0.915,0
SF0109,0.915,0.915,0
SF1623,0.915,0.915,0
SF3877,0.915,0.0,1
SF1624,0.915,0.915,0
SF3981,0.915,0.915,0
SF2165,0.915,0.0,1
SF3979,0.915,0.915,0
SF2473,0.915,0.915,0
SF4044,0.915,0.915,0
SF0764,0.915,0.915,0
SF0928,0.915,0.0,1
SF2317,0.915,0.915,0
SF3902,0.915,0.915,0
SF2316,0.915,0.915,0
SF1175,0.915,0.915,0
SF0134,0.915,0.915,0
SF0016,0.915,0.915,0
SF2703,0.915,0.915,0
hyi,0.915,0.915,0
SF2704,0.915,0.915,0
SF2564,0.915,0.915,0
SF0003,0.915,0.0,1
SF0396,0.915,0.915,0
SF4252,0.915,0.914,0
SF4253,0.915,0.915,0
SF2733,0.915,0.915,0
SF2083,0.915,-0.0,1
SF2734,0.915,0.915,0
SF3404,0.915,0.912,0
SF2869,0.915,0.915,0
SF2899,0.915,0.325,0
SF3494,0.915,0.915,0
SF2870,0.915,0.915,0
SF3496,0.915,0.915,0
SF0643,0.915,0.915,0
SF2868,0.915,0.915,0
SF3495,0.915,0.915,0
SF3041,0.915,0.915,0
SF3498,0.915,0.915,0
SF3497,0.915,0.915,0
SF1711,0.915,0.915,0
SF0973,0.915,0.915,0
SF1713,0.915,0.915,0
SF1712,0.915,0.915,0
SF4422,0.915,0.915,0
SF3044,0.915,0.915,0
SF3043,0.915,0.915,0
SF0642,0.915,0.0,1
SF0974,0.915,0.915,0
SF0553,0.915,0.915,0
sufS,0.915,0.915,0
SF3042,0.915,0.915,0
SF1708,0.915,0.915,0
SF1455,0.915,0.915,0
SF0975,0.915,0.915,0
SF1714,0.915,0.915,0
SF2577,0.915,0.0,1
SF0272,0.915,0.915,0
SF2059,0.915,0.915,0
SF2576,0.915,0.915,0
SF0106,0.915,0.915,0
SF3880,0.915,0.0,1
SF1226,0.915,0.915,0
astB,0.915,0.915,0
SF2575,0.915,0.915,0
SF2775,0.915,-0.0,1
SF1155,0.915,0.0,1
SF2774,0.915,-0.0,1
SF2728,0.915,0.915,0
SF3386,0.915,0.915,0
SF2344,0.915,0.915,0
SF2289,0.915,0.915,0
SF2514,0.915,0.0,1
SF0509,0.915,0.915,0
SF3629,0.915,0.915,0
SF2286,0.915,0.915,0
SF4081,0.915,0.915,0
SF2288,0.915,0.915,0
SF2287,0.915,0.915,0
SF1459,0.915,0.915,0
SF2343,0.915,0.915,0
SF2087,0.915,0.0,1
SF0498,0.915,0.915,0
SF2290,0.915,0.915,0
SF2085,0.915,0.0,1
SF1227,0.915,0.915,0
SF1229,0.915,0.915,0
SF3646,0.915,0.0,1
SF1265,0.915,0.0,1
SF1230,0.915,0.915,0
SF3845,0.915,0.0,1
SF1228,0.915,0.915,0
SF0022,0.915,0.915,0
SF2433,0.915,0.915,0
SF0338,0.915,0.915,0
SF2811,0.915,0.915,0
SF1414,0.915,0.915,0
SF2599,0.915,0.915,0
SF2554,0.915,0.913,0
SF2367,0.915,0.915,0
SF3202,0.915,0.915,0
SF4405,0.915,0.915,0
SF0852,0.915,0.915,0
SF2810,0.915,0.915,0
SF3783,0.915,0.915,0
SF3156,0.915,0.915,0
SF3129,0.915,0.915,0
SF2767,0.915,0.915,0
SF0425,0.915,0.915,0
SF2875,0.915,0.915,0
SF1482,0.915,0.915,0
SF0068,0.915,0.0,1
SF1480,0.915,0.915,0
SF4320,0.915,0.915,0
SF0067,0.915,0.0,1
SF0066,0.915,0.0,1
SF2342,0.915,0.915,0
SF0069,0.915,0.0,1
SF3387,0.915,-0.0,1
hscC,0.915,0.915,0
SF0914,0.915,0.0,1
SF0982,0.915,0.915,0
SF3313,0.915,0.915,0
SF3238,0.915,0.0,1
SF2796,0.915,0.915,0
SF1218,0.915,0.0,1
SF2945,0.915,0.915,0
SF0324,0.915,0.915,0
SF4351,0.915,0.915,0
SF1466,0.915,0.915,0
SF1296,0.915,0.915,0
SF3408,0.915,0.915,0
SF3321,0.915,0.915,0
SF4017,0.915,0.915,0
SF0152,0.915,0.915,0
SF3385,0.915,0.915,0
SF3828,0.915,0.915,0
SF3384,0.915,0.915,0
SF3699,0.915,0.915,0
SF3925,0.915,0.915,0
SF1209,0.915,0.914,0
SF1251,0.915,0.915,0
SF1621,0.915,0.915,0
SF4130,0.915,0.915,0
SF0795,0.915,0.915,0
SF4132,0.915,0.915,0
SF1620,0.915,0.915,0
SF0044,0.915,0.915,0
SF3985,0.915,0.915,0
SF4131,0.915,0.915,0
SF4133,0.915,0.915,0
SF3369,0.915,0.915,0
SF1684,0.915,0.915,0
SF0258,0.915,0.915,0
SF1673,0.915,0.915,0
wbbJ,0.915,0.915,0
SF0260,0.915,0.915,0
SF3154,0.915,0.915,0
SF0259,0.915,0.915,0
SF2641,0.915,0.915,0
SF3644,0.915,0.915,0
sad,0.915,0.915,0
SF2336,0.915,0.915,0
SF2339,0.915,0.915,0
SF0897,0.915,0.915,0
SF2217,0.915,0.915,0
SF2340,0.915,0.915,0
SF1332,0.915,0.915,0
SF0575,0.915,0.867,0
SF0898,0.915,0.915,0
SF0588,0.915,0.915,0
SF4235,0.915,0.0,1
SF0574,0.915,0.867,0
SF0573,0.915,0.867,0
dtpB,0.915,0.915,0
SF0576,0.915,0.867,0
SF3227,0.915,0.0,1
SF0902,0.915,0.0,1
SF1659,0.915,0.915,0
SF0620,0.915,0.915,0
SF0569,0.915,0.899,0
SF2813,0.915,0.915,0
SF0568,0.915,0.899,0
SF2255,0.915,0.915,0
SF1572,0.915,0.915,0
SF1285,0.915,0.0,1
SF2893,0.915,0.915,0
SF0065,0.915,0.915,0
SF2387,0.915,0.0,1
SF2506,0.915,0.915,0
SF1814,0.915,0.915,0
SF0009,0.915,0.915,0
SF3919,0.915,0.0,1
SF3913,0.915,0.915,0
SF2218,0.915,0.915,0
SF3103,0.915,0.915,0
SF4151,0.915,0.915,0
SF3102,0.915,0.915,0
SF2962,0.915,0.915,0
SF0639,0.915,0.915,0
SF3104,0.915,0.915,0
SF3476,0.915,0.915,0
SF0250,0.915,0.915,0
SF3681,0.915,0.0,1
SF1678,0.915,0.915,0
SF2440,0.915,0.915,0
SF3864,0.915,0.915,0
SF0658,0.915,0.915,0
SF3865,0.915,0.915,0
SF0651,0.915,0.915,0
SF2103,0.915,0.915,0
SF0322,0.915,0.0,1
SF0130,0.915,0.0,1
SF0653,0.915,0.915,0
SF1282,0.915,0.915,0
SF0172,0.915,0.0,1
SF2104,0.915,0.915,0
SF3903,0.915,0.915,0
SF3862,0.915,0.915,0
SF0084,0.915,-0.0,1
SF0176,0.915,0.915,0
SF0911,0.915,0.0,1
SF2241,0.915,0.915,0
SF2778,0.915,0.0,1
SF2157,0.915,0.915,0
SF3980,0.915,0.915,0
SF2158,0.915,0.915,0
SF3984,0.915,0.915,0
SF0156,0.915,0.0,1
dosP,0.915,0.915,0
SF3634,0.915,0.915,0
SF0112,0.915,0.889,0
SF2523,0.915,0.915,0
SF0727,0.915,-0.0,1
SF0061,0.915,0.915,0
SF0111,0.915,0.889,0
SF3015,0.915,0.915,0
SF1663,0.915,0.915,0
SF0062,0.915,0.915,0
SF2112,0.915,0.915,0
SF0063,0.915,0.915,0
SF1636,0.915,0.915,0
SF3656,0.915,0.915,0
SF0049,0.915,0.0,1
SF4197,0.915,0.915,0
SF3157,0.915,0.915,0
SF0566,0.915,0.915,0
SF3847,0.915,0.915,0
SF2626,0.915,0.0,1
SF0565,0.915,0.915,0
SF0538,0.915,0.915,0
SF1096,0.915,0.0,1
SF1512,0.915,0.915,0
SF3414,0.915,0.915,0
SF2396,0.915,-0.0,1
SF0141,0.915,0.915,0
SF3580,0.915,0.915,0
SF3901,0.915,0.915,0
SF0646,0.915,0.915,0
SF3994,0.915,0.915,0
SF0081,0.915,0.915,0
SF1507,0.915,0.915,0
SF4028,0.915,0.915,0
thiI,0.915,0.0,1
thiS,0.915,0.0,1
SF3222,0.915,0.915,0
SF4064,0.915,0.0,1
SF4062,0.915,0.0,1
SF4029,0.915,0.915,0
SF3216,0.915,0.0,1
SF0789,0.915,0.915,0
SF2507,0.915,-0.0,1
SF0649,0.915,0.915,0
SF2898,0.915,0.892,0
SF2219,0.915,0.915,0
SF4180,0.915,0.897,0
SF2837,0.915,0.0,1
SF1110,0.915,0.915,0
SF2404,0.915,0.915,0
SF0354,0.915,0.0,1
SF4065,0.915,0.0,1
SF2911,0.915,0.752,0
SF3276,0.915,0.895,0
SF3997,0.915,0.866,0
mqo,0.915,0.915,0
citG,0.915,0.915,0
SF0888,0.915,0.91,0
SF1746,0.915,0.915,0
SF3403,0.915,0.915,0
SF0847,0.915,0.915,0
SF2505,0.915,0.915,0
SF4251,0.915,0.915,0
SF0549,0.915,0.915,0
SF2561,0.915,0.0,1
SF4427,0.915,0.915,0
SF2769,0.915,0.0,1
SF4103,0.915,0.915,0
SF3651,0.915,0.915,0
SF1944,0.915,0.915,0
SF2770,0.915,0.0,1
SF3550,0.915,0.915,0
SF0605,0.915,0.915,0
SF2717,0.915,0.915,0
SF2933,0.915,0.0,1
SF0355,0.915,0.915,0
SF1200,0.915,0.915,0
SF0190,0.915,0.0,1
SF4250,0.915,0.915,0
SF0188,0.915,0.0,1
SF1263,0.915,0.0,1
SF0189,0.915,0.0,1
SF1264,0.915,0.0,1
SF1955,0.915,0.915,0
SF4085,0.915,0.915,0
SF2284,0.915,0.915,0
SF3402,0.915,0.915,0
SF3907,0.915,0.915,0
SF3753,0.915,0.915,0
SF2285,0.915,0.915,0
SF4268,0.915,0.915,0
SF3162,0.915,0.915,0
SF1445,0.915,0.915,0
SF4063,0.915,0.0,1
SF2281,0.915,0.915,0
SF2179,0.915,0.915,0
SF2282,0.915,0.915,0
SF2283,0.915,0.915,0
SF1662,0.915,0.915,0
SF4248,0.915,0.915,0
SF1953,0.915,0.915,0
SF0965,0.915,0.915,0
SF0169,0.915,0.0,1
SF1518,0.915,0.915,0
SF0340,0.915,0.915,0
SF1517,0.915,0.915,0
SF0082,0.915,0.0,1
SF2605,0.915,0.915,0
SF3861,0.915,0.915,0
SF3860,0.915,0.915,0
SF1752,0.915,0.915,0
SF0482,0.915,0.915,0
SF2724,0.915,0.915,0
SF0171,0.915,0.0,1
SF2960,0.915,0.915,0
SF3229,0.915,-0.0,1
SF3034,0.915,0.911,0
SF1183,0.915,0.915,0
SF2827,0.915,0.915,0
SF3728,0.915,0.915,0
SF4424,0.915,0.915,0
SF3727,0.915,0.915,0
SF0087,0.915,0.0,1
SF2904,0.915,0.915,0
SF0085,0.915,0.0,1
SF0088,0.915,0.0,1
SF3729,0.915,0.915,0
SF2902,0.915,0.915,0
SF3730,0.915,0.915,0
SF4050,0.915,0.0,1
SF3633,0.915,0.915,0
SF3899,0.915,0.915,0
SF0794,0.915,0.915,0
SF4198,0.915,0.915,0
SF3098,0.915,0.915,0
SF2111,0.915,0.915,0
SF0734,0.915,0.0,1
SF3672,0.915,0.0,1
SF0164,0.915,0.0,1
SF0539,0.915,0.0,1
SF3435,0.915,0.0,1
SF0540,0.915,0.0,1
SF4052,0.915,0.0,1
SF3296,0.915,0.915,0
SF0545,0.915,0.915,0
SF2334,0.915,0.915,0
SF0541,0.915,0.0,1
SF2332,0.915,0.915,0
SF1013,0.915,0.915,0
SF0131,0.915,0.0,1
SF1822,0.915,0.914,0
SF0546,0.915,0.915,0
SF0010,0.915,0.0,1
SF0826,0.915,0.915,0
SF1075,0.915,-0.0,1
SF2546,0.915,0.915,0
SF0444,0.915,0.915,0
SF2565,0.915,0.915,0
SF0083,0.915,0.0,1
SF4264,0.915,0.915,0
SF0735,0.915,0.0,1
SF0249,0.915,-0.0,1
SF0093,0.915,0.0,1
SF0776,0.915,0.0,1
SF4033,0.915,0.911,0
SF2101,0.915,0.915,0
SF3678,0.915,0.0,1
arnE,0.915,0.915,0
SF2337,0.915,0.915,0
SF2653,0.915,0.915,0
SF4257,0.915,0.915,0
SF3422,0.915,0.915,0
SF3585,0.915,0.915,0
SF0161,0.915,0.914,0
SF2335,0.915,0.915,0
scpC,0.915,0.915,0
xapA,0.915,0.915,0
SF2545,0.915,0.899,0
SF3398,0.915,0.915,0
SF4415,0.915,0.915,0
SF2333,0.915,0.915,0
SF3875,0.915,0.915,0
SF3876,0.915,-0.0,1
SF1365,0.915,0.915,0
SF4069,0.915,-0.0,1
SF3926,0.915,0.0,1
SF1362,0.915,0.915,0
SF2542,0.915,0.915,0
SF1363,0.915,0.915,0
SF1014,0.915,0.915,0
SF2541,0.915,0.915,0
SF2583,0.915,0.915,0
SF1364,0.915,0.915,0
SF1528,0.915,0.915,0
SF1009,0.915,0.915,0
SF0360,0.915,0.915,0
SF0455,0.915,0.0,1
SF3252,0.915,0.915,0
SF4231,0.915,0.915,0
SF0230,0.915,0.915,0
SF3253,0.915,0.915,0
SF4077,0.915,-0.0,1
SF2710,0.915,0.915,0
SF2854,0.915,0.915,0
SF2543,0.915,-0.0,1
SF3597,0.915,0.915,0
SF2088,0.915,0.0,1
SF2519,0.915,-0.0,1
SF2604,0.915,-0.0,1
SF2709,0.915,0.915,0
SF3616,0.915,0.915,0
SF1584,0.915,0.915,0
SF4352,0.915,0.915,0
SF2086,0.915,0.0,1
SF1585,0.915,0.915,0
SF3612,0.915,0.915,0
SF3177,0.915,0.915,0
SF3610,0.915,0.915,0
SF3611,0.915,0.915,0
SF0185,0.915,0.915,0
SF1210,0.915,0.0,1
SF2430,0.915,0.915,0
SF0903,0.915,-0.0,1
ompN,0.915,0.915,0
SF4318,0.915,0.0,1
SF4420,0.915,0.892,0
SF4174,0.915,0.915,0
SF3171,0.915,0.915,0
SF1868,0.915,0.915,0
SF2647,0.915,0.0,1
SF2373,0.915,0.906,0
SF3176,0.915,0.915,0
SF3673,0.915,-0.0,1
SF1867,0.915,0.915,0
agaB,0.915,0.915,0
SF1869,0.915,0.915,0
SF4383,0.915,0.915,0
SF3175,0.915,0.915,0
SF0604,0.915,0.915,0
SF0051,0.915,0.915,0
SF0640,0.915,0.915,0
SF3114,0.915,0.915,0
rhmA,0.915,0.915,0
SF4375,0.915,0.915,0
SF4379,0.915,0.915,0
SF1128,0.915,0.915,0
SF3168,0.915,0.915,0
SF1126,0.915,0.915,0
SF4378,0.915,0.915,0
SF3170,0.915,0.915,0
SF3172,0.915,0.915,0
putA,0.915,0.915,0
SF0809,0.915,0.915,0
SF0808,0.915,0.915,0
SF3169,0.915,0.915,0
SF1127,0.915,0.915,0
SF2424,0.915,0.915,0
SF3627,0.915,0.915,0
SF4382,0.915,0.915,0
SF0810,0.915,0.915,0
SF1125,0.915,0.915,0
SF4088,0.915,0.915,0
SF0811,0.915,0.915,0
SF4384,0.915,0.915,0
SF4374,0.915,0.915,0
SF3664,0.915,0.915,0
SF4373,0.915,0.915,0
SF1301,0.915,0.915,0
SF4283,0.915,0.915,0
SF1661,0.915,0.915,0
SF1489,0.915,0.915,0
SF1490,0.915,0.915,0
SF1488,0.915,0.915,0
SF3904,0.915,0.915,0
SF1864,0.915,0.915,0
SF0891,0.915,0.915,0
SF4380,0.915,0.915,0
SF4381,0.915,0.915,0
SF2425,0.915,0.915,0
