"gene, label"
KPN_02193,1.043,1.043,0
KPN_02195,1.043,1.043,0
KPN_03202,1.043,1.043,0
KPN_01467,1.043,1.043,0
KPN_03491,1.043,1.043,0
KPN_03374,1.043,1.043,0
KPN_00004,1.043,0.0,1
KPN_01524,1.043,1.043,0
KPN_04249,1.043,1.043,0
KPN_03580,1.043,1.043,0
KPN_04422,1.043,1.043,0
KPN_04424,1.043,1.043,0
KPN_04421,1.043,1.043,0
KPN_04423,1.043,1.043,0
KPN_04425,1.043,1.043,0
KPN_02306,1.043,1.043,0
KPN_00282,1.043,1.043,0
KPN_02388,1.043,1.043,0
KPN_02197,1.043,1.043,0
KPN_00174,1.043,1.043,0
KPN_03043,1.043,1.043,0
KPN_03607,1.043,1.043,0
KPN_01092,1.043,0.0,1
KPN_00956,1.043,1.043,0
KPN_04294,1.043,1.043,0
KPN_02419,1.043,1.043,0
KPN_03935,1.043,1.043,0
KPN_01445,1.043,1.043,0
KPN_02700,1.043,1.043,0
KPN_00895,1.043,1.043,0
KPN_02697,1.043,1.043,0
KPN_00897,1.043,1.043,0
KPN_00894,1.043,1.043,0
KPN_00896,1.043,1.043,0
KPN_02698,1.043,1.043,0
KPN_02696,1.043,1.043,0
KPN_00893,1.043,1.043,0
KPN_03352,1.043,1.043,0
KPN_03330,1.043,1.043,0
KPN_02636,1.043,1.043,0
KPN_00255,1.043,1.043,0
KPN_03799,1.043,-0.0,1
KPN_03825,1.043,1.043,0
KPN_02430,1.043,1.043,0
KPN_02543,1.043,1.043,0
KPN_01924,1.043,1.043,0
KPN_00254,1.043,1.043,0
KPN_02199,1.043,1.043,0
KPN_02118,1.043,1.043,0
KPN_SPONT,1.043,0.0,1
KPN_01884,1.043,1.043,0
KPN_03183,1.043,1.043,0
KPN_02706,1.043,0.0,1
KPN_04585,1.043,1.043,0
KPN_03664,1.043,0.0,1
KPN_04586,1.043,1.043,0
KPN_04607,1.043,1.043,0
KPN_00198,1.043,0.0,1
KPN_03244,1.043,1.043,0
KPN_04588,1.043,1.043,0
KPN_04587,1.043,1.043,0
KPN_03665,1.043,0.0,1
KPN_00861,1.043,1.043,0
KPN_03245,1.043,1.043,0
KPN_01116,1.043,1.043,0
KPN_04284,1.043,1.043,0
KPN_03915,1.043,1.043,0
KPN_02762,1.043,1.021,0
KPN_04677,1.043,1.043,0
KPN_01203,1.043,1.043,0
KPN_00700,1.043,1.043,0
KPN_01165,1.043,1.043,0
KPN_00408,1.043,1.043,0
KPN_01099,1.043,1.043,0
KPN_01142,1.043,1.043,0
KPN_00695,1.043,1.043,0
KPN_02764,1.043,1.043,0
KPN_00193,1.043,1.043,0
KPN_02763,1.043,1.021,0
KPN_04149,1.043,1.041,0
KPN_04248,1.043,0.0,1
KPN_00983,1.043,0.0,1
KPN_03226,1.043,-0.0,1
KPN_02122,1.043,1.043,0
KPN_00961,1.043,1.043,0
KPN_00083,1.043,1.043,0
KPN_01906,1.043,1.043,0
KPN_04074,1.043,1.043,0
KPN_01539,1.043,1.043,0
KPN_04073,1.043,1.043,0
KPN_01538,1.043,1.043,0
KPN_03304,1.043,1.043,0
KPN_00082,1.043,1.043,0
KPN_02293,1.043,1.043,0
KPN_01091,1.043,-0.0,1
KPN_02364,1.043,1.043,0
KPN_01093,1.043,0.0,1
KPN_00139,1.043,1.043,0
KPN_02687,1.043,1.043,0
KPN_04657,1.043,0.0,1
KPN_02059,1.043,1.043,0
KPN_04656,1.043,0.0,1
KPN_02713,1.043,0.0,1
KPN_04268,1.043,1.043,0
KPN_04234,1.043,1.043,0
KPN_04267,1.043,1.043,0
KPN_03268,1.043,1.043,0
KPN_04295,1.043,1.043,0
KPN_00002,1.043,1.043,0
KPN_02333,1.043,1.043,0
KPN_01540,1.043,1.043,0
KPN_02334,1.043,1.043,0
KPN_02055,1.043,1.043,0
KPN_04412,1.043,1.043,0
KPN_02335,1.043,1.043,0
KPN_02196,1.043,1.043,0
KPN_04044,1.043,1.043,0
KPN_00235,1.043,1.043,0
KPN_01310,1.043,1.043,0
KPN_02194,1.043,1.043,0
KPN_02899,1.043,1.043,0
KPN_01089,1.043,1.041,0
KPN_04246,1.043,1.043,0
KPN_04529,1.043,1.043,0
KPN_01464,1.043,1.043,0
KPN_00955,1.043,1.043,0
KPN_01646,1.043,1.043,0
KPN_00124,1.043,1.043,0
KPN_00645,1.043,1.043,0
KPN_01272,1.043,1.043,0
KPN_02380,1.043,1.043,0
KPN_01221,1.043,1.043,0
KPN_00681,1.043,1.043,0
KPN_01493,1.043,1.043,0
KPN_00680,1.043,1.043,0
KPN_00678,1.043,1.043,0
KPN_03745,1.043,1.043,0
KPN_00679,1.043,1.043,0
KPN_02888,1.043,1.043,0
KPN_03878,1.043,1.043,0
KPN_04478,1.043,1.043,0
KPN_04367,1.043,1.043,0
KPN_00233,1.043,1.043,0
KPN_04528,1.043,1.043,0
KPN_01622,1.043,1.043,0
KPN_04480,1.043,1.043,0
KPN_02061,1.043,1.043,0
KPN_01222,1.043,1.043,0
KPN_04476,1.043,1.043,0
KPN_01494,1.043,1.043,0
KPN_01958,1.043,1.043,0
KPN_01590,1.043,1.043,0
KPN_03497,1.043,1.043,0
KPN_01094,1.043,1.043,0
KPN_03495,1.043,1.043,0
KPN_03496,1.043,1.043,0
KPN_03199,1.043,1.043,0
KPN_03746,1.043,1.043,0
KPN_02475,1.043,0.0,1
KPN_02328,1.043,1.043,0
KPN_04143,1.043,0.324,0
KPN_00614,1.043,1.043,0
KPN_03184,1.043,1.043,0
KPN_00612,1.043,1.043,0
KPN_04142,1.043,0.324,0
KPN_02554,1.043,1.043,0
KPN_04144,1.043,1.043,0
KPN_04137,1.043,0.324,0
KPN_02121,1.043,1.043,0
KPN_04013,1.043,1.043,0
KPN_00039,1.043,0.0,1
KPN_04141,1.043,0.324,0
KPN_04138,1.043,0.324,0
KPN_00456,1.043,1.043,0
KPN_04136,1.043,0.324,0
KPN_02812,1.043,0.0,1
KPN_00126,1.043,1.043,0
KPN_04140,1.043,0.324,0
KPN_04139,1.043,0.324,0
KPN_04305,1.043,1.043,0
KPN_00585,1.043,1.043,0
KPN_00025,1.043,1.043,0
KPN_02823,1.043,1.043,0
KPN_04783,1.043,1.043,0
KPN_01523,1.043,1.043,0
KPN_02744,1.043,1.043,0
KPN_03396,1.043,1.043,0
KPN_00045,1.043,1.043,0
KPN_02705,1.043,1.043,0
KPN_03909,1.043,1.043,0
KPN_00363,1.043,1.043,0
KPN_00800,1.043,1.043,0
KPN_04225,1.043,1.043,0
KPN_02464,1.043,1.043,0
KPN_02054,1.043,1.043,0
KPN_00173,1.043,1.043,0
KPN_03462,1.043,1.043,0
KPN_02169,1.043,1.043,0
KPN_00313,1.043,1.043,0
KPN_02166,1.043,1.043,0
KPN_00312,1.043,1.043,0
KPN_00970,1.043,1.043,0
KPN_00974,1.043,-0.0,1
KPN_01074,1.043,0.0,1
KPN_01468,1.043,1.043,0
KPN_04255,1.043,1.043,0
KPN_01478,1.043,1.043,0
KPN_00311,1.043,1.043,0
KPN_00969,1.043,1.043,0
KPN_00972,1.043,1.043,0
KPN_02186,1.043,1.043,0
KPN_01475,1.043,1.043,0
KPN_03426,1.043,1.043,0
KPN_04786,1.043,1.043,0
KPN_01871,1.043,1.043,0
KPN_03425,1.043,1.043,0
KPN_03768,1.043,1.043,0
KPN_01872,1.043,1.043,0
KPN_01870,1.043,1.043,0
KPN_03587,1.043,1.043,0
KPN_00451,1.043,1.043,0
KPN_01869,1.043,1.043,0
KPN_03112,1.043,-0.0,1
KPN_02693,1.043,1.043,0
KPN_01139,1.043,0.0,1
KPN_03760,1.043,0.0,1
KPN_02229,1.043,1.043,0
KPN_04576,1.043,0.0,1
KPN_00698,1.043,1.043,0
KPN_00499,1.043,1.043,0
KPN_00112,1.043,1.043,0
KPN_00073,1.043,0.0,1
KPN_04674,1.043,1.043,0
KPN_04567,1.043,1.043,0
KPN_03225,1.043,1.043,0
KPN_04671,1.043,1.043,0
KPN_01819,1.043,1.043,0
KPN_02778,1.043,1.043,0
KPN_01236,1.043,1.043,0
KPN_00373,1.043,1.043,0
KPN_01104,1.043,1.043,0
KPN_00024,1.043,1.043,0
KPN_01873,1.043,1.043,0
KPN_00395,1.043,1.043,0
KPN_03606,1.043,1.043,0
KPN_02641,1.043,1.043,0
KPN_03963,1.043,0.0,1
KPN_01579,1.043,1.043,0
KPN_01266,1.043,1.043,0
KPN_00537,1.043,1.043,0
KPN_00040,1.043,1.043,0
KPN_00928,1.043,1.043,0
KPN_03373,1.043,1.043,0
KPN_00926,1.043,1.043,0
KPN_02428,1.043,1.043,0
KPN_00041,1.043,1.043,0
KPN_03436,1.043,0.0,1
KPN_04247,1.043,-0.0,1
KPN_03835,1.043,1.043,0
KPN_04707,1.043,1.043,0
KPN_04737,1.043,1.043,0
KPN_02379,1.043,1.043,0
KPN_04736,1.043,1.043,0
KPN_00756,1.043,1.043,0
KPN_00103,1.043,1.043,0
KPN_04738,1.043,1.043,0
KPN_04222,1.043,1.043,0
KPN_04739,1.043,1.043,0
KPN_02462,1.043,1.043,0
KPN_03453,1.043,0.0,1
KPN_00106,1.043,1.043,0
KPN_00175,1.043,1.043,0
KPN_04388,1.043,-0.0,1
KPN_04273,1.043,0.0,1
KPN_04007,1.043,1.043,0
KPN_00477,1.043,0.0,1
KPN_02237,1.043,1.043,0
KPN_00378,1.043,1.043,0
KPN_00478,1.043,-0.0,1
KPN_00732,1.043,1.013,0
KPN_01999,1.043,1.043,0
KPN_00733,1.043,1.013,0
KPN_00120,1.043,0.975,0
KPN_02565,1.043,1.043,0
KPN_02910,1.043,1.043,0
KPN_02566,1.043,1.043,0
KPN_03899,1.043,1.043,0
KPN_02567,1.043,1.043,0
KPN_02564,1.043,1.043,0
KPN_03896,1.043,1.043,0
KPN_00587,1.043,1.043,0
KPN_03895,1.043,1.043,0
KPN_03898,1.043,1.043,0
KPN_03897,1.043,1.043,0
KPN_00323,1.043,1.043,0
KPN_01014,1.043,1.043,0
KPN_00096,1.043,1.043,0
KPN_02922,1.043,0.0,1
KPN_01308,1.043,1.043,0
KPN_02920,1.043,0.0,1
KPN_02308,1.043,1.043,0
KPN_04440,1.043,1.043,0
KPN_02719,1.043,-0.0,1
KPN_02876,1.043,1.022,0
KPN_00903,1.043,1.043,0
KPN_04427,1.043,1.043,0
KPN_04837,1.043,1.043,0
KPN_03029,1.043,1.043,0
KPN_00055,1.043,1.043,0
KPN_03819,1.043,1.043,0
KPN_00035,1.043,1.043,0
KPN_00036,1.043,1.043,0
KPN_04170,1.043,1.043,0
KPN_02313,1.043,1.043,0
KPN_03822,1.043,1.043,0
KPN_03321,1.043,1.043,0
KPN_00037,1.043,1.043,0
KPN_00056,1.043,1.043,0
KPN_00033,1.043,1.043,0
KPN_03818,1.043,1.043,0
KPN_02905,1.043,1.043,0
KPN_03816,1.043,1.043,0
KPN_00817,1.043,1.043,0
KPN_03817,1.043,1.043,0
KPN_02190,1.043,1.043,0
KPN_04526,1.043,1.043,0
KPN_04601,1.043,1.042,0
KPN_04282,1.043,1.043,0
KPN_00649,1.043,1.043,0
KPN_01576,1.043,1.043,0
KPN_00007,1.043,1.043,0
KPN_01096,1.043,-0.0,1
KPN_02200,1.043,1.043,0
KPN_01952,1.043,1.043,0
KPN_04840,1.043,1.043,0
KPN_00170,1.043,1.043,0
KPN_01853,1.043,1.043,0
KPN_04787,1.043,1.043,0
KPN_04838,1.043,1.043,0
KPN_04785,1.043,1.043,0
KPN_03217,1.043,1.043,0
KPN_03980,1.043,1.043,0
KPN_01455,1.043,1.043,0
KPN_02657,1.043,1.043,0
KPN_04313,1.043,1.043,0
KPN_01018,1.043,1.043,0
KPN_00941,1.043,-0.0,1
KPN_00186,1.043,1.043,0
KPN_02991,1.043,1.043,0
KPN_00372,1.043,1.043,0
KPN_03928,1.043,1.043,0
KPN_03189,1.043,1.043,0
KPN_01125,1.043,1.043,0
KPN_03192,1.043,1.043,0
KPN_03356,1.043,1.043,0
KPN_01761,1.043,1.043,0
KPN_01284,1.043,0.0,1
KPN_03194,1.043,1.043,0
KPN_03193,1.043,1.043,0
KPN_01787,1.043,1.043,0
KPN_03197,1.043,1.043,0
KPN_03195,1.043,1.043,0
KPN_04285,1.043,1.043,0
KPN_01700,1.043,1.043,0
KPN_04292,1.043,1.043,0
KPN_03196,1.043,1.043,0
KPN_03191,1.043,1.043,0
KPN_03198,1.043,1.043,0
KPN_00682,1.043,1.043,0
KPN_02779,1.043,1.043,0
KPN_04340,1.043,1.043,0
KPN_02134,1.043,1.043,0
KPN_04175,1.043,1.043,0
KPN_02741,1.043,1.043,0
KPN_03389,1.043,1.043,0
KPN_02723,1.043,1.043,0
KPN_00221,1.043,1.043,0
KPN_02365,1.043,1.043,0
KPN_03432,1.043,1.043,0
KPN_02366,1.043,1.043,0
KPN_03010,1.043,1.043,0
KPN_03009,1.043,1.043,0
KPN_01195,1.043,1.043,0
KPN_03008,1.043,1.043,0
KPN_01068,1.043,1.043,0
KPN_02370,1.043,1.043,0
KPN_04241,1.043,1.043,0
KPN_01167,1.043,1.043,0
KPN_04503,1.043,1.043,0
KPN_03519,1.043,1.043,0
KPN_03123,1.043,0.868,0
KPN_03786,1.043,1.043,0
KPN_00727,1.043,0.929,0
KPN_03626,1.043,1.043,0
KPN_00601,1.043,1.043,0
KPN_00799,1.043,1.043,0
KPN_00603,1.043,1.043,0
KPN_03751,1.043,1.043,0
KPN_04329,1.043,1.043,0
KPN_00632,1.043,1.043,0
KPN_02784,1.043,1.043,0
KPN_04376,1.043,1.043,0
KPN_02783,1.043,1.043,0
KPN_02768,1.043,1.043,0
KPN_00633,1.043,1.043,0
KPN_02445,1.043,1.043,0
KPN_03124,1.043,0.0,1
KPN_00131,1.043,1.043,0
KPN_04242,1.043,1.043,0
KPN_04665,1.043,1.043,0
KPN_00856,1.043,1.043,0
KPN_00464,1.043,1.043,0
KPN_02855,1.043,1.043,0
KPN_03791,1.043,1.043,0
KPN_04069,1.043,1.043,0
KPN_00355,1.043,1.042,0
KPN_02862,1.043,1.043,0
KPN_00968,1.043,1.043,0
KPN_01213,1.043,1.043,0
KPN_00415,1.043,1.043,0
KPN_00249,1.043,1.043,0
KPN_02734,1.043,1.043,0
KPN_01978,1.043,1.043,0
KPN_03409,1.043,1.041,0
KPN_02322,1.043,1.043,0
KPN_01256,1.043,-0.0,1
KPN_04338,1.043,1.043,0
KPN_01257,1.043,0.0,1
KPN_03118,1.043,-0.0,1
KPN_02417,1.043,1.043,0
KPN_03119,1.043,-0.0,1
KPN_00801,1.043,1.043,0
KPN_03428,1.043,1.043,0
KPN_00046,1.043,1.043,0
KPN_00366,1.043,1.043,0
KPN_02769,1.043,1.043,0
KPN_02549,1.043,1.043,0
KPN_00061,1.043,1.043,0
KPN_02761,1.043,1.043,0
KPN_04441,1.043,1.043,0
KPN_03354,1.043,1.043,0
KPN_00409,1.043,1.043,0
KPN_01365,1.043,1.043,0
KPN_04626,1.043,1.043,0
KPN_00168,1.043,1.043,0
KPN_03161,1.043,1.043,0
KPN_00166,1.043,1.043,0
KPN_03410,1.043,1.043,0
KPN_04001,1.043,1.043,0
KPN_00167,1.043,1.043,0
KPN_03264,1.043,1.043,0
KPN_01511,1.043,1.043,0
KPN_00482,1.043,1.043,0
KPN_01628,1.043,1.043,0
KPN_03153,1.043,1.043,0
KPN_03154,1.043,1.043,0
KPN_00643,1.043,1.043,0
KPN_01603,1.043,1.043,0
KPN_00919,1.043,1.043,0
KPN_04134,1.043,0.0,1
KPN_00918,1.043,1.043,0
KPN_00736,1.043,1.043,0
KPN_03151,1.043,1.043,0
KPN_01020,1.043,1.043,0
KPN_04188,1.043,1.043,0
KPN_01017,1.043,1.043,0
KPN_00737,1.043,1.043,0
KPN_01021,1.043,1.043,0
KPN_00392,1.043,0.856,0
KPN_04190,1.043,1.043,0
KPN_02492,1.043,0.0,1
KPN_01865,1.043,1.043,0
KPN_00391,1.043,0.856,0
KPN_00393,1.043,0.856,0
KPN_03798,1.043,1.043,0
KPN_00394,1.043,0.856,0
KPN_01866,1.043,1.043,0
KPN_01867,1.043,1.043,0
KPN_00440,1.043,1.043,0
KPN_04189,1.043,1.043,0
KPN_00971,1.043,1.043,0
KPN_02584,1.043,1.043,0
KPN_00132,1.043,1.043,0
KPN_01912,1.043,1.043,0
KPN_03779,1.043,1.043,0
KPN_00869,1.043,1.043,0
KPN_02743,1.043,1.043,0
KPN_00606,1.043,1.043,0
KPN_03785,1.043,1.043,0
KPN_00607,1.043,1.043,0
KPN_02519,1.043,1.043,0
KPN_03800,1.043,1.043,0
KPN_00937,1.043,1.041,0
KPN_00608,1.043,1.043,0
KPN_00735,1.043,1.018,0
KPN_03787,1.043,1.043,0
KPN_00610,1.043,1.043,0
KPN_03947,1.043,1.043,0
KPN_03794,1.043,1.043,0
KPN_04673,1.043,1.043,0
KPN_03538,1.043,1.043,0
KPN_02309,1.043,1.043,0
KPN_01250,1.043,1.043,0
KPN_03131,1.043,1.043,0
KPN_04430,1.043,1.043,0
KPN_00963,1.043,1.043,0
KPN_03130,1.043,1.043,0
KPN_02593,1.043,1.043,0
KPN_03795,1.043,1.043,0
KPN_00165,1.043,1.043,0
KPN_03252,1.043,0.0,1
KPN_04308,1.043,-0.0,1
KPN_01512,1.043,1.043,0
KPN_00188,1.043,0.0,1
KPN_00602,1.043,1.043,0
KPN_03797,1.043,1.043,0
KPN_00609,1.043,1.043,0
KPN_03454,1.043,1.043,0
KPN_03796,1.043,1.043,0
KPN_00803,1.043,1.043,0
KPN_04178,1.043,1.043,0
KPN_02518,1.043,1.043,0
KPN_00513,1.043,1.043,0
KPN_00701,1.043,1.043,0
KPN_04085,1.043,1.043,0
KPN_02726,1.043,1.043,0
KPN_00840,1.043,1.043,0
KPN_00838,1.043,1.043,0
KPN_04097,1.043,1.043,0
KPN_00793,1.043,1.043,0
KPN_00839,1.043,1.043,0
KPN_01123,1.043,1.043,0
KPN_03551,1.043,1.043,0
KPN_03876,1.043,1.043,0
KPN_02923,1.043,1.043,0
KPN_03056,1.043,1.043,0
KPN_00281,1.043,1.041,0
KPN_03061,1.043,1.043,0
KPN_00758,1.043,1.043,0
KPN_03019,1.043,1.043,0
KPN_03059,1.043,1.043,0
KPN_03060,1.043,1.043,0
KPN_01210,1.043,1.043,0
KPN_03058,1.043,1.043,0
KPN_02162,1.043,1.043,0
KPN_01492,1.043,1.043,0
KPN_04096,1.043,1.043,0
KPN_01636,1.043,1.043,0
KPN_03057,1.043,1.043,0
KPN_02702,1.043,0.0,1
KPN_04482,1.043,1.043,0
KPN_03996,1.043,0.0,1
KPN_04256,1.043,0.0,1
KPN_04270,1.043,-0.0,1
KPN_03624,1.043,1.043,0
KPN_03498,1.043,1.043,0
KPN_00707,1.043,1.043,0
KPN_03625,1.043,1.043,0
KPN_03323,1.043,1.043,0
KPN_02235,1.043,1.043,0
KPN_04002,1.043,1.043,0
KPN_02750,1.043,1.043,0
KPN_03688,1.043,1.043,0
KPN_04012,1.043,1.043,0
KPN_03485,1.043,1.043,0
KPN_00020,1.043,1.043,0
KPN_00973,1.043,1.043,0
KPN_04010,1.043,1.043,0
KPN_03962,1.043,1.043,0
KPN_02646,1.043,1.043,0
KPN_01770,1.043,1.043,0
KPN_03206,1.043,1.043,0
KPN_00932,1.043,1.043,0
KPN_00502,1.043,1.043,0
KPN_03207,1.043,1.043,0
KPN_03489,1.043,1.043,0
KPN_02594,1.043,1.043,0
KPN_04552,1.043,1.043,0
KPN_03487,1.043,1.043,0
KPN_03205,1.043,1.043,0
KPN_04553,1.043,1.043,0
KPN_04212,1.043,1.043,0
KPN_03488,1.043,1.043,0
KPN_04551,1.043,1.043,0
KPN_03494,1.043,1.043,0
KPN_04550,1.043,1.043,0
KPN_04216,1.043,1.043,0
KPN_03536,1.043,1.043,0
KPN_03943,1.043,1.043,0
KPN_02599,1.043,1.043,0
KPN_03340,1.043,1.043,0
KPN_02600,1.043,1.043,0
KPN_02598,1.043,1.043,0
KPN_02206,1.043,1.042,0
KPN_01560,1.043,1.043,0
KPN_03339,1.043,1.043,0
KPN_01561,1.043,1.043,0
KPN_03152,1.043,1.043,0
KPN_03341,1.043,1.043,0
KPN_01563,1.043,1.043,0
KPN_01056,1.043,1.043,0
KPN_01015,1.043,1.043,0
KPN_01517,1.043,1.043,0
KPN_01516,1.043,1.043,0
KPN_04011,1.043,1.043,0
KPN_00654,1.043,1.043,0
KPN_04395,1.043,1.043,0
KPN_01515,1.043,0.0,1
KPN_01587,1.043,1.043,0
KPN_04135,1.043,0.0,1
KPN_00227,1.043,1.043,0
KPN_01027,1.043,1.043,0
KPN_01090,1.043,-0.0,1
KPN_03922,1.043,1.043,0
KPN_02851,1.043,1.043,0
KPN_02490,1.043,1.043,0
KPN_04289,1.043,1.043,0
KPN_03923,1.043,1.043,0
KPN_02496,1.043,1.043,0
KPN_03767,1.043,1.043,0
KPN_00214,1.043,0.0,1
KPN_00107,1.043,1.043,0
KPN_00169,1.043,1.043,0
KPN_02833,1.043,0.0,1
KPN_04442,1.043,1.043,0
KPN_04429,1.043,0.0,1
KPN_00667,1.043,1.043,0
KPN_02499,1.043,1.043,0
KPN_03801,1.043,1.043,0
KPN_00088,1.043,1.043,0
KPN_03809,1.043,1.043,0
KPN_00164,1.043,1.043,0
KPN_03810,1.043,1.043,0
KPN_02645,1.043,1.043,0
KPN_03811,1.043,1.043,0
KPN_02468,1.043,1.043,0
KPN_00880,1.043,1.043,0
KPN_03812,1.043,1.043,0
KPN_03813,1.043,1.043,0
KPN_00664,1.043,1.043,0
KPN_03954,1.043,1.043,0
KPN_03592,1.043,1.043,0
KPN_00871,1.043,1.043,0
KPN_03952,1.043,0.0,1
KPN_02649,1.043,1.043,0
KPN_01992,1.043,1.043,0
KPN_03792,1.043,1.043,0
KPN_02647,1.043,1.043,0
KPN_02648,1.043,1.043,0
KPN_02573,1.043,1.043,0
KPN_02718,1.043,1.043,0
KPN_00458,1.043,1.043,0
KPN_00280,1.043,1.041,0
KPN_00699,1.043,1.043,0
KPN_03416,1.043,1.043,0
KPN_02367,1.043,1.043,0
KPN_03540,1.043,1.043,0
KPN_03644,1.043,0.983,0
KPN_03866,1.043,1.043,0
KPN_02629,1.043,1.043,0
KPN_03807,1.043,1.043,0
KPN_04095,1.043,1.043,0
KPN_00863,1.043,1.043,0
KPN_01847,1.043,1.043,0
KPN_00865,1.043,1.043,0
KPN_02797,1.043,1.043,0
KPN_00864,1.043,1.043,0
KPN_01586,1.043,1.043,0
KPN_00862,1.043,1.043,0
KPN_04094,1.043,1.043,0
KPN_02845,1.043,1.043,0
KPN_03380,1.043,1.043,0
KPN_03132,1.043,1.043,0
KPN_02591,1.043,1.043,0
KPN_03539,1.043,1.043,0
KPN_03108,1.043,1.043,0
KPN_01273,1.043,1.043,0
KPN_04506,1.043,1.043,0
KPN_03109,1.043,1.043,0
KPN_00771,1.043,1.043,0
KPN_04280,1.043,1.043,0
KPN_00770,1.043,1.043,0
KPN_03375,1.043,1.043,0
KPN_01791,1.043,1.043,0
KPN_00250,1.043,1.043,0
KPN_00211,1.043,1.043,0
KPN_00344,1.043,1.043,0
KPN_00133,1.043,1.043,0
KPN_00213,1.043,1.043,0
KPN_01664,1.043,1.043,0
KPN_00212,1.043,1.043,0
KPN_04399,1.043,1.043,0
KPN_04505,1.043,1.043,0
KPN_03520,1.043,1.043,0
KPN_04203,1.043,1.043,0
KPN_00986,1.043,1.043,0
KPN_00852,1.043,1.043,0
KPN_04325,1.043,1.043,0
KPN_00909,1.043,0.308,0
KPN_01474,1.043,1.043,0
KPN_04615,1.043,1.043,0
KPN_03549,1.043,1.043,0
KPN_01476,1.043,1.043,0
KPN_03550,1.043,1.043,0
KPN_01198,1.043,1.043,0
KPN_04428,1.043,1.043,0
KPN_02560,1.043,1.043,0
KPN_02116,1.043,1.043,0
KPN_04654,1.043,1.043,0
KPN_00992,1.043,1.043,0
KPN_02865,1.043,1.043,0
KPN_03548,1.043,1.043,0
KPN_03521,1.043,1.043,0
KPN_02202,1.043,0.0,1
KPN_02014,1.043,1.043,0
KPN_02588,1.043,1.043,0
KPN_03395,1.043,1.043,0
KPN_00134,1.043,1.043,0
KPN_02587,1.043,1.043,0
KPN_00310,1.043,1.04,0
KPN_02586,1.043,1.043,0
KPN_03164,1.043,1.043,0
KPN_00390,1.043,1.043,0
KPN_03376,1.043,1.043,0
KPN_03965,1.043,1.043,0
KPN_01197,1.043,0.766,0
KPN_02825,1.043,1.041,0
KPN_04847,1.043,1.043,0
KPN_03964,1.043,1.043,0
KPN_03968,1.043,1.043,0
KPN_03036,1.043,1.043,0
KPN_02551,1.043,1.043,0
KPN_02305,1.043,1.043,0
KPN_01501,1.043,1.043,0
KPN_02738,1.043,1.043,0
KPN_03998,1.043,1.043,0
KPN_00309,1.043,1.043,0
KPN_00337,1.043,1.043,0
KPN_03216,1.043,1.043,0
KPN_03126,1.043,1.043,0
KPN_00516,1.043,1.043,0
KPN_02801,1.043,1.043,0
KPN_04670,1.043,1.043,0
KPN_04788,1.043,1.043,0
KPN_03942,1.043,1.043,0
KPN_00796,1.043,1.043,0
KPN_02476,1.043,-0.0,1
KPN_02604,1.043,1.043,0
KPN_02478,1.043,0.0,1
KPN_02844,1.043,1.043,0
KPN_03972,1.043,1.043,0
KPN_02699,1.043,1.043,0
KPN_02770,1.043,1.043,0
KPN_04413,1.043,1.021,0
KPN_00116,1.043,1.043,0
KPN_03355,1.043,0.766,0
KPN_02771,1.043,1.043,0
KPN_02120,1.043,1.043,0
KPN_02773,1.043,1.043,0
KPN_02772,1.043,1.043,0
KPN_00781,1.043,1.043,0
KPN_04304,1.043,1.043,0
KPN_03756,1.043,1.043,0
KPN_00768,1.043,1.043,0
KPN_00779,1.043,1.043,0
KPN_02550,1.043,1.043,0
KPN_04850,1.043,1.043,0
KPN_02760,1.043,1.043,0
KPN_03956,1.043,1.043,0
KPN_04320,1.043,1.043,0
KPN_03021,1.043,1.043,0
KPN_00778,1.043,1.043,0
KPN_00842,1.043,1.043,0
KPN_00777,1.043,1.043,0
KPN_02117,1.043,1.043,0
KPN_00711,1.043,1.043,0
KPN_04779,1.043,1.043,0
KPN_00370,1.043,1.043,0
KPN_04008,1.043,1.043,0
KPN_00141,1.043,1.043,0
KPN_02849,1.043,1.043,0
KPN_04780,1.043,1.043,0
KPN_00484,1.043,1.028,0
KPN_02410,1.043,-0.0,1
KPN_01469,1.043,1.043,0
KPN_04782,1.043,1.043,0
KPN_01470,1.043,1.043,0
KPN_04239,1.043,1.043,0
KPN_00142,1.043,1.043,0
KPN_01473,1.043,1.043,0
KPN_00003,1.043,0.0,1
KPN_01472,1.043,1.043,0
KPN_04394,1.043,0.0,1
KPN_01471,1.043,1.043,0
KPN_00627,1.043,1.043,0
KPN_00626,1.043,1.043,0
KPN_02477,1.043,0.0,1
KPN_01071,1.043,1.043,0
KPN_02080,1.043,1.043,0
KPN_01144,1.043,0.949,0
KPN_01875,1.043,1.043,0
KPN_02663,1.043,1.043,0
KPN_01874,1.043,1.043,0
KPN_04378,1.043,1.043,0
KPN_02081,1.043,1.043,0
KPN_02079,1.043,1.043,0
KPN_00611,1.043,1.043,0
KPN_02176,1.043,1.043,0
KPN_02758,1.043,1.043,0
KPN_01106,1.043,1.043,0
KPN_00613,1.043,1.043,0
KPN_02175,1.043,1.043,0
KPN_04396,1.043,1.043,0
KPN_02672,1.043,1.043,0
KPN_02481,1.043,-0.0,1
KPN_02479,1.043,-0.0,1
KPN_02676,1.043,1.043,0
KPN_03858,1.043,1.035,0
KPN_04131,1.043,1.043,0
KPN_01255,1.043,-0.0,1
KPN_02668,1.043,1.043,0
KPN_04269,1.043,0.0,1
KPN_02678,1.043,1.043,0
KPN_00021,1.043,1.043,0
KPN_02674,1.043,1.043,0
KPN_04130,1.043,1.043,0
KPN_00342,1.043,1.043,0
KPN_04132,1.043,1.043,0
KPN_04133,1.043,1.043,0
KPN_02671,1.043,1.043,0
KPN_02834,1.043,0.0,1
KPN_02669,1.043,1.043,0
KPN_02675,1.043,1.043,0
KPN_04316,1.043,1.043,0
KPN_03673,1.043,1.043,0
KPN_04397,1.043,1.043,0
KPN_02677,1.043,1.043,0
KPN_02667,1.043,1.043,0
KPN_03672,1.043,1.043,0
KPN_02666,1.043,1.043,0
KPN_02670,1.043,1.043,0
KPN_03569,1.043,1.043,0
KPN_02673,1.043,1.043,0
KPN_04352,1.043,1.043,0
KPN_04675,1.043,1.043,0
KPN_03667,1.043,1.043,0
KPN_00240,1.043,0.964,0
KPN_00507,1.043,1.043,0
KPN_00242,1.043,0.964,0
KPN_00904,1.043,1.043,0
KPN_03317,1.043,1.043,0
KPN_02827,1.043,1.043,0
KPN_00239,1.043,0.964,0
KPN_00241,1.043,0.964,0
KPN_00244,1.043,0.964,0
KPN_00079,1.043,0.0,1
KPN_00243,1.043,0.964,0
KPN_04621,1.043,1.043,0
KPN_00078,1.043,0.0,1
KPN_02393,1.043,1.043,0
KPN_00077,1.043,0.0,1
KPN_02937,1.043,1.043,0
KPN_00080,1.043,1.043,0
KPN_03442,1.043,1.043,0
KPN_03222,1.043,1.043,0
KPN_03016,1.043,1.043,0
KPN_00792,1.043,1.043,0
KPN_01042,1.043,1.043,0
KPN_01228,1.043,1.043,0
KPN_02724,1.043,1.043,0
KPN_01526,1.043,1.043,0
KPN_00316,1.043,1.043,0
KPN_04339,1.043,1.043,0
KPN_04245,1.043,1.043,0
KPN_01527,1.043,1.043,0
KPN_00945,1.043,1.043,0
KPN_04251,1.043,1.043,0
KPN_00967,1.043,1.043,0
KPN_03979,1.043,1.043,0
KPN_03608,1.043,0.0,1
KPN_02312,1.043,1.043,0
KPN_03773,1.043,1.043,0
KPN_02230,1.043,0.0,1
KPN_02826,1.043,1.019,0
KPN_00016,1.043,1.043,0
KPN_04589,1.043,1.043,0
KPN_02848,1.043,1.043,0
KPN_04839,1.043,1.043,0
KPN_00715,1.043,1.043,0
KPN_00414,1.043,-0.0,1
KPN_00716,1.043,1.043,0
KPN_03045,1.043,1.043,0
KPN_04344,1.043,1.043,0
KPN_00717,1.043,1.043,0
KPN_02870,1.043,1.043,0
KPN_03046,1.043,1.043,0
KPN_04152,1.043,1.043,0
KPN_03537,1.043,1.043,0
KPN_01288,1.043,1.043,0
KPN_02160,1.043,1.043,0
KPN_03854,1.043,1.043,0
KPN_03851,1.043,1.043,0
KPN_03850,1.043,1.043,0
KPN_04343,1.043,1.043,0
KPN_03853,1.043,1.043,0
KPN_00327,1.043,1.043,0
KPN_03690,1.043,1.043,0
KPN_03852,1.043,1.043,0
KPN_03736,1.043,1.043,0
KPN_00671,1.043,1.043,0
KPN_04845,1.043,1.043,0
KPN_04387,1.043,0.0,1
KPN_02824,1.043,0.0,1
KPN_00874,1.043,1.043,0
KPN_00755,1.043,1.043,0
KPN_00044,1.043,1.043,0
KPN_01202,1.043,1.043,0
KPN_02482,1.043,0.0,1
KPN_03949,1.043,1.043,0
KPN_02463,1.043,1.043,0
KPN_03843,1.043,1.043,0
KPN_03182,1.043,1.043,0
KPN_00111,1.043,1.043,0
KPN_02810,1.043,0.0,1
KPN_01610,1.043,1.043,0
KPN_02882,1.043,0.0,1
KPN_02480,1.043,0.0,1
KPN_02568,1.043,1.043,0
KPN_02215,1.043,1.043,0
KPN_01309,1.043,1.043,0
KPN_01883,1.043,1.043,0
KPN_00208,1.043,1.043,0
KPN_03150,1.043,1.043,0
KPN_02238,1.043,1.043,0
KPN_02213,1.043,1.043,0
KPN_02212,1.043,1.043,0
KPN_00070,1.043,1.043,0
KPN_01882,1.043,1.043,0
KPN_00936,1.043,-0.0,1
KPN_04557,1.043,-0.0,1
KPN_02601,1.043,1.043,0
KPN_02214,1.043,1.043,0
KPN_01609,1.043,1.043,0
KPN_04843,1.043,1.004,0
KPN_01449,1.043,1.043,0
KPN_02908,1.043,0.0,1
KPN_02211,1.043,1.043,0
KPN_02569,1.043,1.043,0
KPN_01880,1.043,1.043,0
KPN_02688,1.043,1.043,0
KPN_00674,1.043,1.043,0
KPN_01881,1.043,1.043,0
KPN_03820,1.043,1.043,0
KPN_02792,1.043,1.043,0
KPN_01990,1.043,1.043,0
KPN_03974,1.043,1.043,0
KPN_02877,1.043,1.043,0
KPN_00655,1.043,1.043,0
KPN_00195,1.043,0.0,1
KPN_00472,1.043,1.043,0
KPN_02660,1.043,1.043,0
KPN_02681,1.043,1.043,0
KPN_03501,1.043,1.043,0
KPN_01925,1.043,1.043,0
KPN_04321,1.043,1.043,0
KPN_00500,1.043,1.043,0
KPN_04830,1.043,1.043,0
KPN_00199,1.043,1.043,0
KPN_03106,1.043,1.043,0
KPN_01131,1.043,1.043,0
KPN_03318,1.043,1.043,0
KPN_03961,1.043,1.043,0
KPN_01927,1.043,1.043,0
KPN_00888,1.043,1.043,0
KPN_01132,1.043,1.043,0
KPN_00461,1.043,1.043,0
KPN_04558,1.043,1.043,0
KPN_04849,1.043,1.043,0
KPN_02295,1.043,1.043,0
KPN_03125,1.043,1.043,0
KPN_01928,1.043,1.043,0
KPN_00887,1.043,1.043,0
KPN_03388,1.043,1.043,0
KPN_04271,1.043,1.043,0
KPN_01211,1.043,1.043,0
KPN_01926,1.043,1.043,0
KPN_01130,1.043,1.043,0
KPN_02180,1.043,1.043,0
KPN_04318,1.043,1.043,0
KPN_00885,1.043,1.043,0
KPN_03753,1.043,1.043,0
KPN_00886,1.043,1.043,0
KPN_04372,1.043,1.043,0
KPN_01129,1.043,1.043,0
KPN_03752,1.043,1.043,0
KPN_00375,1.043,1.043,0
KPN_00032,1.043,1.043,0
KPN_00031,1.043,1.043,0
KPN_04371,1.043,1.043,0
KPN_00030,1.043,1.043,0
KPN_01022,1.043,1.043,0
KPN_04373,1.043,1.043,0
KPN_02766,1.043,1.043,0
KPN_02902,1.043,1.043,0
KPN_04374,1.043,1.043,0
KPN_01974,1.043,1.043,0
KPN_00369,1.043,1.043,0
KPN_02369,1.043,1.043,0
KPN_02133,1.043,1.043,0
KPN_04327,1.043,1.043,0
KPN_00930,1.043,1.043,0
KPN_02799,1.043,1.043,0
KPN_00931,1.043,1.043,0
KPN_03443,1.043,1.043,0
KPN_03357,1.043,1.043,0
KPN_00754,1.043,1.043,0
KPN_04659,1.043,0.0,1
KPN_01127,1.043,1.043,0
KPN_03236,1.043,0.0,1
KPN_03597,1.043,1.043,0
KPN_01103,1.043,1.043,0
KPN_04784,1.043,1.043,0
KPN_04492,1.043,1.043,0
KPN_01799,1.043,1.043,0
KPN_02000,1.043,1.043,0
KPN_00367,1.043,1.043,0
KPN_00935,1.043,1.004,0
KPN_00687,1.043,1.043,0
KPN_04375,1.043,1.043,0
KPN_01277,1.043,-0.0,1
KPN_04157,1.043,1.043,0
KPN_04005,1.043,1.043,0
KPN_01120,1.043,1.043,0
KPN_02547,1.043,1.043,0
KPN_03343,1.043,1.043,0
KPN_00038,1.043,1.043,0
KPN_00920,1.043,1.043,0
KPN_02119,1.043,1.043,0
KPN_00062,1.043,1.043,0
KPN_04651,1.043,1.043,0
KPN_00060,1.043,1.043,0
KPN_04337,1.043,1.043,0
KPN_02392,1.043,1.043,0
KPN_02701,1.043,1.043,0
KPN_04591,1.043,1.043,0
KPN_03869,1.043,1.043,0
KPN_02546,1.043,1.043,0
KPN_04331,1.043,1.043,0
KPN_04789,1.043,1.043,0
KPN_02303,1.043,1.043,0
KPN_03397,1.043,1.043,0
KPN_03983,1.043,0.0,1
KPN_03018,1.043,1.043,0
KPN_04625,1.043,1.043,0
KPN_04652,1.043,1.043,0
KPN_04623,1.043,1.043,0
KPN_04624,1.043,1.043,0
KPN_02662,1.043,1.043,0
KPN_04086,1.043,1.043,0
KPN_04156,1.043,1.043,0
KPN_01253,1.043,0.0,1
KPN_04155,1.043,1.043,0
KPN_01542,1.043,1.043,0
KPN_01254,1.043,0.0,1
KPN_00256,1.043,1.043,0
KPN_04622,1.043,1.043,0
KPN_03755,1.043,1.043,0
KPN_04153,1.043,1.043,0
KPN_01975,1.043,1.043,0
KPN_04154,1.043,1.043,0
KPN_04772,1.043,1.043,0
KPN_02404,1.043,1.043,0
KPN_01041,1.043,1.043,0
KPN_04213,1.043,1.043,0
KPN_04211,1.043,1.043,0
KPN_00192,1.043,-0.0,1
KPN_02642,1.043,1.043,0
KPN_00329,1.043,0.0,1
KPN_00089,1.043,0.0,1
KPN_01479,1.043,1.043,0
KPN_02643,1.043,1.043,0
KPN_04287,1.043,1.043,0
KPN_03007,1.043,1.043,0
KPN_03006,1.043,1.043,0
KPN_00140,1.043,1.043,0
KPN_04286,1.043,1.043,0
KPN_01274,1.043,1.043,0
KPN_00194,1.043,0.0,1
KPN_00091,1.043,0.0,1
KPN_03599,1.043,-0.0,1
KPN_04645,1.043,1.043,0
KPN_00094,1.043,0.0,1
KPN_00092,1.043,0.0,1
KPN_03117,1.043,0.0,1
KPN_04646,1.043,1.043,0
KPN_00095,1.043,0.0,1
KPN_04350,1.043,-0.0,1
KPN_03757,1.043,1.04,0
KPN_03461,1.043,1.043,0
KPN_03349,1.043,1.043,0
KPN_02455,1.043,1.043,0
KPN_00873,1.043,1.043,0
KPN_00670,1.043,1.043,0
KPN_00187,1.043,1.043,0
KPN_02548,1.043,1.043,0
KPN_00118,1.043,1.004,0
KPN_00773,1.043,0.0,1
KPN_00119,1.043,1.004,0
KPN_00236,1.043,0.0,1
KPN_02493,1.043,0.0,1
KPN_03845,1.043,1.043,0
KPN_01224,1.043,1.043,0
KPN_01976,1.043,1.043,0
KPN_03847,1.043,1.043,0
KPN_02889,1.043,1.043,0
KPN_01496,1.043,1.043,0
KPN_00772,1.043,1.043,0
KPN_01121,1.043,1.043,0
KPN_01762,1.043,1.043,0
KPN_00049,1.043,1.043,0
KPN_02710,1.043,1.043,0
KPN_03113,1.043,0.0,1
KPN_03114,1.043,0.0,1
KPN_03040,1.043,1.043,0
KPN_00090,1.043,-0.0,1
KPN_03038,1.043,1.043,0
KPN_03904,1.043,1.043,0
KPN_00100,1.043,-0.0,1
KPN_03039,1.043,1.043,0
KPN_03037,1.043,1.043,0
KPN_04223,1.043,1.043,0
KPN_04627,1.043,1.043,0
KPN_02805,1.043,-0.0,1
KPN_00184,1.043,1.041,0
KPN_02183,1.043,1.043,0
KPN_03586,1.043,-0.0,1
KPN_03846,1.043,1.043,0
KPN_03348,1.043,1.004,0
KPN_03939,1.043,1.043,0
KPN_04302,1.043,1.043,0
KPN_04303,1.043,1.043,0
KPN_04379,1.043,1.043,0
KPN_02821,1.043,1.043,0
KPN_01207,1.043,1.043,0
KPN_02820,1.043,1.043,0
KPN_00605,1.043,1.043,0
KPN_01032,1.043,1.043,0
KPN_03951,1.043,1.043,0
KPN_00795,1.043,1.043,0
KPN_04081,1.043,1.043,0
KPN_03467,1.043,1.043,0
KPN_02330,1.043,1.043,0
KPN_03465,1.043,1.043,0
KPN_03466,1.043,1.043,0
KPN_03140,1.043,1.043,0
KPN_01663,1.043,1.043,0
KPN_00925,1.043,1.043,0
KPN_01666,1.043,1.043,0
KPN_01665,1.043,1.043,0
KPN_03139,1.043,1.043,0
KPN_01788,1.043,1.043,0
KPN_02294,1.043,1.043,0
KPN_00480,1.043,0.0,1
KPN_04663,1.043,1.043,0
KPN_03936,1.043,1.043,0
KPN_03517,1.043,1.043,0
KPN_04590,1.043,1.043,0
KPN_02592,1.043,1.043,0
KPN_01661,1.043,1.043,0
KPN_01225,1.043,1.043,0
KPN_03929,1.043,1.043,0
KPN_01497,1.043,1.043,0
KPN_01223,1.043,1.043,0
KPN_02542,1.043,1.043,0
KPN_03190,1.043,1.043,0
KPN_03932,1.043,1.043,0
KPN_03754,1.043,1.043,0
KPN_03930,1.043,1.043,0
KPN_03682,1.043,1.043,0
KPN_03931,1.043,1.043,0
KPN_02872,1.043,1.043,0
KPN_00075,1.043,1.043,0
KPN_02373,1.043,1.043,0
KPN_00332,1.043,1.043,0
KPN_02374,1.043,1.043,0
KPN_02372,1.043,1.043,0
KPN_03761,1.043,1.043,0
KPN_02541,1.043,1.043,0
KPN_04233,1.043,0.0,1
KPN_02458,1.043,1.043,0
KPN_01583,1.043,1.043,0
KPN_00127,1.043,1.043,0
KPN_04217,1.043,1.043,0
KPN_01994,1.043,1.043,0
KPN_01985,1.043,1.043,0
KPN_02658,1.043,1.043,0
KPN_02659,1.043,1.043,0
KPN_00728,1.043,0.982,0
KPN_00729,1.043,0.982,0
KPN_00730,1.043,0.982,0
KPN_00731,1.043,0.982,0
KPN_00734,1.043,1.018,0
KPN_00515,1.043,1.043,0
KPN_00514,1.043,1.043,0
KPN_01640,1.043,1.043,0
KPN_02798,1.043,1.043,0
KPN_01126,1.043,1.043,0
KPN_00008,1.043,1.043,0
KPN_03639,1.043,1.043,0
KPN_03640,1.043,1.043,0
KPN_01547,1.043,1.043,0
KPN_00314,1.043,1.043,0
KPN_04290,1.043,1.043,0
KPN_04291,1.043,1.043,0
KPN_02488,1.043,1.043,0
KPN_02494,1.043,1.043,0
KPN_02489,1.043,1.043,0
KPN_02495,1.043,1.043,0
KPN_02491,1.043,1.043,0
KPN_04288,1.043,1.043,0
KPN_02497,1.043,1.043,0
KPN_00942,1.043,-0.0,1
KPN_03547,1.043,1.043,0
KPN_03543,1.043,1.043,0
KPN_00179,1.043,0.0,1
KPN_02814,1.043,1.043,0
KPN_00066,1.043,1.043,0
KPN_00065,1.043,1.043,0
KPN_00067,1.043,1.043,0
