"gene, label"
Z4904,0.982,0.982,0
Z0142,0.982,0.0,1
Z5164,0.982,0.982,0
Z2333,0.982,0.982,0
Z5856,0.982,0.0,1
Z3558,0.982,0.982,0
Z5855,0.982,0.982,0
Z0002,0.982,0.982,0
Z1276,0.982,0.982,0
Z5495,0.982,0.982,0
Z3473,0.982,0.982,0
Z5622,0.982,0.982,0
Z3856,0.982,0.0,1
Z0302,0.982,0.982,0
Z5631,0.982,0.982,0
Z5633,0.982,0.982,0
Z5632,0.982,0.982,0
Z5630,0.982,0.982,0
Z5634,0.982,0.982,0
Z2901,0.982,0.982,0
Z5744,0.982,0.982,0
Z1275,0.982,-0.0,1
Z5824,0.982,0.982,0
Z2919,0.982,0.982,0
Z4467,0.982,0.982,0
Z0805,0.982,0.982,0
Z3693,0.982,0.982,0
Z5306,0.982,0.982,0
Z2861,0.982,0.982,0
Z2860,0.982,0.982,0
Z2862,0.982,0.982,0
Z3694,0.982,0.982,0
Z4582,0.982,0.982,0
Z4153,0.982,0.982,0
Z4154,0.982,0.972,0
Z4978,0.982,0.982,0
Z0802,0.982,0.982,0
Z0804,0.982,0.982,0
Z0803,0.982,0.982,0
Z5907,0.982,0.982,0
Z4942,0.982,0.982,0
Z4583,0.982,0.982,0
Z5743,0.982,0.982,0
Z5725,0.982,0.982,0
Z0278,0.982,0.972,0
Z5676,0.982,0.982,0
Z1701,0.982,0.982,0
Z1863,0.982,0.982,0
Z0553,0.982,0.982,0
Z4905,0.982,0.982,0
Z1730,0.982,0.0,1
Z2779,0.982,0.982,0
Z1508,0.982,0.982,0
Z2158,0.982,0.982,0
Z1304,0.982,0.982,0
Z5515,0.982,-0.0,1
Z3181,0.982,0.0,1
Z4563,0.982,0.0,1
Z5873,0.982,0.0,1
Z4562,0.982,0.0,1
Z5874,0.982,0.0,1
Z4564,0.982,0.0,1
Z2186,0.982,0.982,0
Z2532,0.982,0.982,0
Z0128,0.982,0.982,0
Z0192,0.982,0.0,1
Z0445,0.982,0.982,0
Z1732,0.982,-0.0,1
Z1734,0.982,0.982,0
Z3586,0.982,0.0,1
Z2023,0.982,0.982,0
Z2020,0.982,0.982,0
Z2022,0.982,0.982,0
Z2438,0.982,0.982,0
Z2021,0.982,0.982,0
Z2780,0.982,0.982,0
Z5234,0.982,0.403,0
Z0004,0.982,-0.0,1
Z5238,0.982,0.982,0
Z4720,0.982,0.0,1
Z5233,0.982,0.403,0
Z1955,0.982,0.982,0
Z1729,0.982,0.982,0
Z5232,0.982,0.403,0
Z2019,0.982,0.982,0
Z5235,0.982,0.403,0
Z5229,0.982,0.403,0
Z0170,0.982,0.0,1
Z3844,0.982,0.982,0
Z5230,0.982,0.403,0
Z4560,0.982,0.982,0
Z5236,0.982,0.403,0
Z5231,0.982,0.403,0
Z4867,0.982,0.982,0
Z0399,0.982,0.982,0
Z2168,0.982,0.982,0
Z4015,0.982,0.982,0
Z1733,0.982,0.0,1
Z1050,0.982,0.0,1
Z5304,0.982,0.982,0
Z5389,0.982,0.0,1
Z3861,0.982,0.982,0
Z5388,0.982,0.982,0
Z5825,0.982,0.0,1
Z5666,0.982,0.982,0
Z0994,0.982,0.0,1
Z3017,0.982,0.982,0
Z0465,0.982,0.982,0
Z4996,0.982,0.982,0
Z2628,0.982,0.982,0
Z1282,0.982,0.982,0
Z0466,0.982,0.982,0
Z1735,0.982,0.0,1
Z4721,0.982,0.0,1
Z4239,0.982,0.982,0
Z1281,0.982,0.982,0
Z0464,0.982,0.982,0
Z3960,0.982,0.982,0
Z2855,0.982,0.0,1
Z1284,0.982,0.982,0
Z1991,0.982,0.982,0
Z5155,0.982,0.982,0
Z2486,0.982,0.982,0
Z5735,0.982,0.982,0
Z5209,0.982,0.982,0
Z2761,0.982,0.982,0
Z2275,0.982,0.982,0
Z5497,0.982,0.982,0
Z3961,0.982,0.982,0
Z5082,0.982,0.982,0
Z4559,0.982,0.0,1
Z2540,0.982,0.982,0
Z3605,0.982,0.982,0
Z0591,0.982,0.982,0
Z0412,0.982,0.982,0
Z0130,0.982,0.982,0
Z0676,0.982,0.982,0
Z5322,0.982,0.982,0
Z5366,0.982,0.982,0
Z4213,0.982,0.982,0
Z2016,0.982,0.982,0
Z0038,0.982,0.982,0
Z0450,0.982,0.982,0
Z0035,0.982,0.982,0
Z0037,0.982,0.982,0
Z0551,0.982,0.982,0
Z3659,0.982,0.982,0
Z4843,0.982,0.982,0
Z5459,0.982,0.982,0
Z4309,0.982,0.982,0
s0001,0.982,-0.0,1
Z0922,0.982,0.982,0
Z2250,0.982,0.982,0
Z0512,0.982,0.982,0
Z4397,0.982,0.0,1
Z5463,0.982,0.982,0
Z4111,0.982,0.982,0
Z3153,0.982,0.982,0
Z1979,0.982,0.0,1
Z3152,0.982,0.982,0
Z2686,0.982,0.982,0
Z0169,0.982,0.982,0
Z4616,0.982,0.0,1
Z3378,0.982,0.982,0
Z4615,0.982,0.0,1
Z3379,0.982,0.982,0
Z2740,0.982,0.982,0
Z3377,0.982,0.982,0
Z3380,0.982,0.982,0
Z2738,0.982,0.982,0
Z0197,0.982,0.0,1
Z2844,0.982,0.982,0
Z3578,0.982,0.0,1
Z0401,0.982,0.982,0
Z4359,0.982,0.982,0
Z0398,0.982,0.982,0
Z5668,0.982,0.982,0
Z3891,0.982,-0.0,1
Z1760,0.982,0.982,0
Z5527,0.982,0.982,0
Z3892,0.982,0.0,1
Z3592,0.982,-0.0,1
Z4358,0.982,0.982,0
Z5295,0.982,0.982,0
Z5638,0.982,0.0,1
Z1740,0.982,0.982,0
Z2030,0.982,0.982,0
Z3809,0.982,0.982,0
Z4391,0.982,0.982,0
Z3810,0.982,0.982,0
Z3682,0.982,0.972,0
Z3814,0.982,0.982,0
Z3811,0.982,0.982,0
Z4751,0.982,0.982,0
Z0761,0.982,0.982,0
Z3681,0.982,0.972,0
Z0586,0.982,0.982,0
Z0760,0.982,0.982,0
Z0758,0.982,0.982,0
Z0826,0.982,0.982,0
Z0759,0.982,0.982,0
Z3683,0.982,0.982,0
Z4058,0.982,0.0,1
Z0756,0.982,0.982,0
Z1860,0.982,0.0,1
Z5517,0.982,-0.0,1
Z2026,0.982,0.982,0
Z1008,0.982,0.982,0
Z4135,0.982,0.0,1
Z5784,0.982,-0.0,1
Z2583,0.982,0.982,0
Z0166,0.982,0.982,0
Z0824,0.982,0.982,0
Z0087,0.982,0.982,0
Z0088,0.982,0.982,0
Z4392,0.982,0.982,0
Z5165,0.982,0.982,0
Z0120,0.982,0.982,0
Z0578,0.982,0.982,0
Z3700,0.982,0.982,0
Z3727,0.982,0.982,0
Z5333,0.982,0.982,0
Z5776,0.982,0.982,0
Z4134,0.982,0.982,0
Z3433,0.982,0.982,0
Z0524,0.982,0.0,1
Z1260,0.982,0.0,1
Z0034,0.982,0.0,1
Z1746,0.982,0.982,0
Z1741,0.982,0.982,0
Z4075,0.982,0.982,0
Z0536,0.982,0.982,0
Z3486,0.982,0.982,0
Z1000,0.982,0.0,1
Z1242,0.982,0.982,0
Z5046,0.982,0.982,0
Z1002,0.982,0.0,1
Z1240,0.982,0.982,0
Z1241,0.982,0.982,0
Z3701,0.982,0.982,0
Z4281,0.982,0.982,0
Z5403,0.982,0.982,0
Z4372,0.982,0.0,1
Z2926,0.982,0.982,0
Z2925,0.982,0.982,0
Z0044,0.982,0.982,0
Z5516,0.982,0.0,1
Z0043,0.982,0.982,0
Z0714,0.982,0.982,0
Z0713,0.982,0.982,0
Z0712,0.982,0.982,0
Z0711,0.982,0.982,0
Z0109,0.982,0.982,0
Z2917,0.982,0.982,0
Z0113,0.982,0.0,1
Z0528,0.982,0.982,0
Z0042,0.982,0.982,0
Z5285,0.982,0.0,1
Z5583,0.982,-0.0,1
Z3979,0.982,0.982,0
Z0677,0.982,-0.0,1
Z0678,0.982,-0.0,1
Z3980,0.982,0.982,0
Z3981,0.982,0.982,0
Z0881,0.982,0.978,0
Z5713,0.982,0.982,0
Z0046,0.982,0.982,0
Z0126,0.982,0.954,0
Z0873,0.982,-0.0,1
Z0880,0.982,0.978,0
Z0433,0.982,0.982,0
Z0432,0.982,0.982,0
Z5367,0.982,0.979,0
Z3872,0.982,0.982,0
Z4095,0.982,0.0,1
Z2222,0.982,0.982,0
Z0133,0.982,0.982,0
Z2225,0.982,0.982,0
Z5983,0.982,0.982,0
Z0604,0.982,0.982,0
Z4785,0.982,0.982,0
Z5392,0.982,0.982,0
Z1948,0.982,0.982,0
Z4961,0.982,0.982,0
Z2477,0.982,0.982,0
Z4231,0.982,0.982,0
Z0436,0.982,0.982,0
Z5291,0.982,0.982,0
Z0437,0.982,0.982,0
Z3008,0.982,0.982,0
Z3867,0.982,0.982,0
Z2223,0.982,0.982,0
Z4361,0.982,0.982,0
Z5741,0.982,0.982,0
Z5203,0.982,0.982,0
Z3686,0.982,0.982,0
Z0748,0.982,0.982,0
Z4959,0.982,0.982,0
Z3680,0.982,0.982,0
Z4960,0.982,0.982,0
Z4127,0.982,0.982,0
Z4958,0.982,0.982,0
Z2615,0.982,0.982,0
Z2627,0.982,0.982,0
Z1737,0.982,0.0,1
Z0681,0.982,0.982,0
Z2227,0.982,0.982,0
Z2226,0.982,0.982,0
Z1231,0.982,0.982,0
Z4957,0.982,0.982,0
Z2224,0.982,0.982,0
Z3401,0.982,0.982,0
Z1230,0.982,0.982,0
Z3402,0.982,0.982,0
Z1396,0.982,0.982,0
Z2015,0.982,0.982,0
Z0477,0.982,0.982,0
Z1395,0.982,0.982,0
Z5986,0.982,0.982,0
Z0900,0.982,0.982,0
Z5984,0.982,0.982,0
Z0102,0.982,0.982,0
Z0901,0.982,0.982,0
Z0534,0.982,0.894,0
Z5064,0.982,0.982,0
Z0532,0.982,0.894,0
Z2450,0.982,0.982,0
Z0533,0.982,0.894,0
Z1953,0.982,0.982,0
Z3509,0.982,0.982,0
Z0535,0.982,0.894,0
Z0184,0.982,0.0,1
Z3398,0.982,0.982,0
Z0523,0.982,0.0,1
Z5651,0.982,0.982,0
Z3419,0.982,0.982,0
Z4989,0.982,0.982,0
Z0801,0.982,0.982,0
Z3827,0.982,0.968,0
Z3234,0.982,0.982,0
Z2818,0.982,0.856,0
Z1256,0.982,0.98,0
Z4266,0.982,0.982,0
Z1104,0.982,0.982,0
Z5030,0.982,0.982,0
Z1952,0.982,0.982,0
Z3644,0.982,0.982,0
Z2512,0.982,0.0,1
Z5641,0.982,0.982,0
Z5305,0.982,0.982,0
Z5296,0.982,0.982,0
Z3551,0.982,0.982,0
Z4210,0.982,0.982,0
Z5303,0.982,0.982,0
Z4156,0.982,0.0,1
Z3604,0.982,0.982,0
Z3999,0.982,0.982,0
Z5326,0.982,-0.0,1
Z2902,0.982,0.982,0
Z0186,0.982,0.0,1
Z4399,0.982,0.0,1
Z4826,0.982,0.982,0
Z0997,0.982,-0.0,1
Z4824,0.982,0.982,0
Z2903,0.982,0.982,0
Z2764,0.982,0.982,0
Z1690,0.982,0.982,0
Z4825,0.982,0.982,0
Z4827,0.982,0.982,0
Z3233,0.982,0.982,0
Z3608,0.982,0.982,0
Z4834,0.982,0.982,0
Z2907,0.982,0.982,0
Z5454,0.982,0.982,0
Z3643,0.982,0.982,0
Z4094,0.982,0.905,0
Z4940,0.982,0.982,0
Z5819,0.982,0.982,0
Z2733,0.982,0.982,0
Z0924,0.982,0.982,0
Z0007,0.982,0.982,0
Z0723,0.982,0.982,0
Z0725,0.982,0.982,0
Z3893,0.982,0.982,0
Z3706,0.982,0.982,0
Z3705,0.982,0.982,0
Z5074,0.982,0.0,1
Z0456,0.982,0.982,0
Z5282,0.982,-0.0,1
Z2232,0.982,0.982,0
Z2488,0.982,0.982,0
Z5501,0.982,0.982,0
Z1970,0.982,0.982,0
Z1048,0.982,0.982,0
Z1969,0.982,0.982,0
Z1971,0.982,0.982,0
Z1044,0.982,0.982,0
Z5008,0.982,0.982,0
Z0738,0.982,0.982,0
Z5156,0.982,0.982,0
Z0736,0.982,0.982,0
Z3813,0.982,0.982,0
Z0671,0.982,0.982,0
Z0503,0.982,0.982,0
Z0446,0.982,0.982,0
Z0036,0.982,0.0,1
Z0666,0.982,0.982,0
Z3737,0.982,0.0,1
Z0665,0.982,0.982,0
Z0564,0.982,0.972,0
Z2606,0.982,0.982,0
Z2848,0.982,0.982,0
Z2705,0.982,0.982,0
Z0055,0.982,0.982,0
Z0806,0.982,0.982,0
Z2730,0.982,0.982,0
Z3577,0.982,0.0,1
Z5365,0.982,0.982,0
Z4365,0.982,0.982,0
Z5477,0.982,0.982,0
Z0229,0.982,0.982,0
Z4354,0.982,0.982,0
Z4074,0.982,-0.0,1
Z4073,0.982,-0.0,1
Z3522,0.982,0.982,0
Z2821,0.982,0.982,0
Z0904,0.982,0.982,0
Z5500,0.982,0.982,0
Z4263,0.982,0.982,0
Z4411,0.982,0.0,1
Z1294,0.982,0.982,0
Z3260,0.982,0.982,0
Z4444,0.982,0.982,0
Z1699,0.982,-0.0,1
Z4539,0.982,0.0,1
Z4771,0.982,0.982,0
Z2811,0.982,0.982,0
Z0717,0.982,0.982,0
Z4581,0.982,0.982,0
Z4580,0.982,0.982,0
Z3565,0.982,0.982,0
Z0993,0.982,0.0,1
Z5842,0.982,0.982,0
Z4742,0.982,0.0,1
Z4275,0.982,0.982,0
Z2721,0.982,0.0,1
Z5470,0.982,0.982,0
Z5355,0.982,0.982,0
Z5420,0.982,0.982,0
Z5569,0.982,0.0,1
Z3139,0.982,0.982,0
Z0298,0.982,0.982,0
Z3790,0.982,0.982,0
Z1280,0.982,0.982,0
Z5872,0.982,0.982,0
Z2654,0.982,0.982,0
Z2548,0.982,0.0,1
Z4119,0.982,0.982,0
Z4120,0.982,0.982,0
Z4117,0.982,0.982,0
Z0592,0.982,0.0,1
Z5435,0.982,0.982,0
Z5434,0.982,0.982,0
Z2235,0.982,0.982,0
Z2236,0.982,0.982,0
Z2234,0.982,0.982,0
Z1283,0.982,0.982,0
Z4764,0.982,0.982,0
Z3658,0.982,0.982,0
Z4796,0.982,0.982,0
Z0734,0.982,0.982,0
Z2546m,0.982,0.0,1
Z0571,0.982,0.982,0
Z0995,0.982,0.0,1
Z0732,0.982,0.982,0
Z0134,0.982,0.982,0
Z0729,0.982,0.982,0
Z0731,0.982,0.982,0
Z0058,0.982,0.982,0
Z1063,0.982,0.982,0
Z4228,0.982,0.982,0
Z0131,0.982,0.982,0
Z4804,0.982,0.982,0
Z4412,0.982,0.982,0
Z1026,0.982,0.982,0
Z4770,0.982,0.982,0
Z4772,0.982,0.982,0
Z3411,0.982,0.982,0
Z4478,0.982,0.982,0
Z0161,0.982,0.982,0
Z0724,0.982,0.982,0
Z1320,0.982,0.982,0
Z0515,0.982,0.0,1
Z4103,0.982,0.982,0
Z0733,0.982,0.982,0
Z4102,0.982,0.982,0
Z0070,0.982,0.982,0
Z4791,0.982,0.982,0
Z0164,0.982,0.982,0
Z5968,0.982,0.982,0
Z5820,0.982,0.982,0
Z0163,0.982,0.982,0
Z0162,0.982,0.982,0
Z5055,0.982,0.982,0
Z4027,0.982,0.982,0
Z2626,0.982,0.982,0
Z4028,0.982,0.982,0
Z4023,0.982,0.982,0
Z4794,0.982,0.982,0
Z3750,0.982,0.982,0
Z4792,0.982,0.982,0
Z5406,0.982,0.982,0
Z0827,0.982,0.982,0
Z4030,0.982,0.982,0
Z2953,0.982,0.982,0
Z1031,0.982,0.982,0
Z2954,0.982,0.982,0
Z3743,0.982,0.982,0
Z1032,0.982,0.982,0
Z3744,0.982,0.982,0
Z2951m,0.982,0.982,0
Z1033,0.982,0.982,0
Z3749,0.982,0.982,0
Z3254,0.982,0.982,0
Z3748,0.982,0.982,0
Z4032,0.982,0.982,0
Z4161,0.982,0.982,0
Z0303,0.982,0.982,0
Z4031,0.982,0.982,0
Z2216,0.982,0.982,0
Z5678,0.982,0.982,0
Z3747,0.982,0.982,0
Z3741,0.982,0.982,0
Z2173,0.982,0.982,0
Z3989,0.982,0.982,0
Z3742,0.982,0.982,0
Z2215,0.982,0.982,0
Z3745,0.982,0.982,0
Z3746,0.982,0.982,0
Z5717,0.982,0.982,0
Z2793,0.982,0.949,0
Z4233,0.982,0.982,0
Z5469,0.982,0.982,0
Z0606,0.982,0.982,0
Z5719,0.982,0.982,0
Z2179,0.982,0.982,0
Z4283,0.982,0.982,0
Z3574,0.982,-0.0,1
Z5528,0.982,0.0,1
Z0832,0.982,0.982,0
Z1981,0.982,0.0,1
Z2605,0.982,0.982,0
Z3665,0.982,0.0,1
Z5518,0.982,0.0,1
Z4658,0.982,0.982,0
Z4534,0.982,0.0,1
Z5081,0.982,0.982,0
Z0661,0.982,0.982,0
Z2929,0.982,0.982,0
Z0029,0.982,0.0,1
Z5472,0.982,0.982,0
Z1285,0.982,0.982,0
Z5044,0.982,0.982,0
Z1090,0.982,0.982,0
Z3498,0.982,0.982,0
Z4249,0.982,0.982,0
Z0669,0.982,0.982,0
Z3569,0.982,0.982,0
Z4476,0.982,0.982,0
Z1091,0.982,0.982,0
Z3639,0.982,0.982,0
Z4240,0.982,0.982,0
Z3753,0.982,0.982,0
Z4241,0.982,0.982,0
Z1092,0.982,0.982,0
Z4242,0.982,0.982,0
Z1250,0.982,0.982,0
Z1666,0.982,0.982,0
Z3572,0.982,0.982,0
Z3568,0.982,0.982,0
Z5471,0.982,0.982,0
Z3570,0.982,0.982,0
Z5758,0.982,0.982,0
Z5762,0.982,0.982,0
Z0236,0.982,0.982,0
Z5759,0.982,0.982,0
Z5760,0.982,0.982,0
Z1093,0.982,0.982,0
Z1094,0.982,0.982,0
Z4984,0.982,0.982,0
Z4260,0.982,0.982,0
Z4983,0.982,0.982,0
Z3217,0.982,0.982,0
Z4797,0.982,0.0,1
Z3426,0.982,0.982,0
Z4405,0.982,0.982,0
Z4732,0.982,0.982,0
Z4733,0.982,0.982,0
Z5801,0.982,0.982,0
Z0212,0.982,0.982,0
Z5802,0.982,0.982,0
Z4734m,0.982,0.982,0
Z0114,0.982,0.982,0
Z4731,0.982,0.982,0
Z5804,0.982,0.982,0
Z3771,0.982,0.0,1
Z5803,0.982,0.982,0
Z3191,0.982,0.976,0
Z2801,0.982,0.982,0
Z5919,0.982,0.982,0
Z3427,0.982,0.982,0
Z4805,0.982,0.982,0
Z3425,0.982,0.982,0
Z1051m,0.982,0.982,0
Z4817,0.982,0.982,0
Z2008,0.982,0.982,0
Z4118,0.982,0.982,0
Z4302,0.982,0.982,0
Z3497,0.982,0.982,0
Z2614,0.982,0.982,0
Z5037,0.982,0.982,0
Z0821,0.982,0.982,0
Z1076,0.982,0.982,0
Z0766,0.982,0.982,0
Z2676,0.982,0.982,0
Z5228,0.982,0.0,1
Z5245,0.982,0.981,0
Z0596,0.982,0.982,0
Z1278,0.982,0.982,0
Z1421,0.982,0.982,0
Z4342,0.982,0.982,0
Z2266,0.982,0.982,0
Z4900,0.982,0.982,0
Z5300,0.982,0.982,0
Z2739,0.982,0.982,0
Z0165,0.982,-0.0,1
Z4813,0.982,0.982,0
suhB,0.982,0.982,0
Z5654,0.982,0.982,0
Z1054,0.982,0.982,0
Z1053,0.982,0.982,0
Z5640,0.982,0.982,0
Z1056,0.982,0.982,0
Z4820,0.982,0.982,0
Z4818,0.982,0.982,0
Z1055,0.982,0.982,0
Z4822,0.982,0.982,0
Z4292,0.982,0.982,0
Z4819,0.982,0.982,0
Z3409,0.982,0.0,1
Z5035,0.982,0.0,1
Z2531,0.982,0.0,1
Z5289,0.982,0.982,0
Z0194,0.982,0.0,1
Z3499,0.982,0.982,0
Z4222,0.982,0.982,0
Z3500,0.982,0.982,0
Z0299,0.982,0.982,0
Z0647,0.982,0.982,0
Z0136,0.982,0.982,0
Z4786,0.982,0.982,0
Z4445,0.982,0.982,0
Z3501,0.982,0.982,0
Z5411,0.982,0.982,0
Z0304,0.982,0.982,0
Z5346,0.982,0.982,0
Z2462,0.982,0.982,0
Z0198,0.982,0.982,0
Z0825,0.982,0.982,0
Z2904,0.982,0.976,0
Z1307,0.982,0.982,0
Z4480,0.982,0.982,0
Z3413,0.982,0.982,0
Z1109,0.982,0.982,0
Z5639,0.982,0.0,1
Z5447,0.982,0.982,0
Z5958,0.982,0.982,0
Z0453,0.982,0.982,0
Z5452,0.982,0.982,0
Z0137,0.982,0.982,0
Z5024,0.982,0.982,0
Z5956,0.982,0.982,0
Z0435,0.982,0.982,0
dgoT,0.982,0.982,0
Z0996,0.982,0.0,1
Z0531,0.982,0.982,0
Z4105,0.982,0.982,0
Z5054,0.982,0.982,0
Z4479,0.982,0.982,0
Z2843,0.982,0.982,0
Z5048,0.982,0.982,0
Z0927,0.982,0.982,0
Z5047,0.982,0.982,0
Z5600,0.982,0.982,0
Z5056,0.982,0.982,0
Z3209,0.982,0.982,0
Z0926,0.982,0.982,0
Z3268,0.982,0.982,0
Z5721,0.982,0.982,0
Z3257,0.982,0.982,0
Z3213,0.982,0.982,0
Z3654,0.982,0.982,0
Z3256,0.982,0.982,0
Z0493,0.982,0.982,0
Z3255,0.982,0.982,0
Z2616,0.982,0.982,0
Z3182,0.982,0.0,1
Z3184,0.982,0.0,1
Z5921,0.982,0.982,0
Z4446,0.982,0.982,0
Z3777,0.982,0.982,0
Z2012,0.982,0.982,0
Z5840,0.982,0.982,0
Z3405,0.982,0.982,0
Z0429,0.982,0.982,0
Z3571,0.982,0.982,0
Z0427,0.982,0.982,0
Z3403,0.982,0.982,0
Z0122,0.982,0.982,0
Z5841,0.982,0.982,0
Z0428,0.982,0.982,0
Z0447,0.982,0.982,0
Z1731,0.982,0.0,1
Z3404,0.982,0.982,0
Z5319,0.982,-0.0,1
Z5838,0.982,0.982,0
Z3788,0.982,0.982,0
Z5839,0.982,0.982,0
Z3684,0.982,0.982,0
Z3267,0.982,0.0,1
Z4288,0.982,0.982,0
Z0094,0.982,0.982,0
Z5345,0.982,0.982,0
Z1035,0.982,0.982,0
Z0781,0.982,0.982,0
Z3763,0.982,0.981,0
Z0452,0.982,0.982,0
Z4750,0.982,0.982,0
Z0153,0.982,-0.0,1
Z0160,0.982,0.982,0
Z2306,0.982,0.0,1
Z3216,0.982,0.982,0
Z0662,0.982,0.982,0
Z5076,0.982,0.982,0
Z1066,0.982,0.982,0
Z0003,0.982,0.0,1
Z5599,0.982,-0.0,1
Z4099,0.982,0.982,0
Z3183,0.982,0.0,1
Z3215,0.982,0.982,0
Z4544,0.982,0.982,0
Z0777,0.982,0.982,0
Z4206,0.982,0.982,0
Z3723,0.982,0.982,0
Z5227,0.982,-0.0,1
Z4207,0.982,0.982,0
Z2490,0.982,0.982,0
Z2487,0.982,0.982,0
Z3171,0.982,0.982,0
Z4205,0.982,0.982,0
Z2491,0.982,0.982,0
Z4351,0.982,0.982,0
Z3383,0.982,0.982,0
Z4349,0.982,0.982,0
Z3591,0.982,0.982,0
Z4350,0.982,0.982,0
Z1390,0.982,0.982,0
Z1391,0.982,0.982,0
Z4595,0.982,0.974,0
Z1389,0.982,0.982,0
Z2752,0.982,0.982,0
Z4348,0.982,0.982,0
Z5460,0.982,0.982,0
Z3468,0.982,0.982,0
Z3796,0.982,0.982,0
Z2231,0.982,0.982,0
Z3797,0.982,0.0,1
Z3719,0.982,0.982,0
Z5507,0.982,0.982,0
Z5508,0.982,0.982,0
Z5323,0.982,0.0,1
Z4538,0.982,-0.0,1
Z3778,0.982,0.0,1
Z3795,0.982,0.982,0
Z4054,0.982,0.0,1
Z1865,0.982,0.0,1
Z5722,0.982,0.982,0
Z4055,0.982,0.0,1
Z4287,0.982,0.0,1
Z0209,0.982,0.982,0
Z0211,0.982,0.982,0
Z0210,0.982,0.982,0
Z4251,0.982,0.961,0
Z5623,0.982,0.976,0
Z4265,0.982,0.856,0
Z3525,0.982,0.982,0
Z0938,0.982,0.976,0
Z4738,0.982,0.982,0
Z5610,0.982,0.982,0
Z0735,0.982,0.982,0
Z5039,0.982,0.982,0
Z0737,0.982,0.982,0
Z0925,0.982,0.982,0
Z5351,0.982,0.982,0
Z5601,0.982,0.982,0
Z3185,0.982,0.0,1
Z5830,0.982,0.982,0
Z5997,0.982,0.982,0
Z3187,0.982,0.0,1
Z3991,0.982,0.982,0
Z2549,0.982,0.0,1
Z0837,0.982,0.982,0
Z2817,0.982,0.982,0
Z5281,0.982,0.0,1
Z0520,0.982,0.982,0
Z0030,0.982,0.982,0
Z3000,0.982,0.982,0
Z3282,0.982,0.982,0
Z0499,0.982,0.982,0
Z5853,0.982,0.982,0
Z3772,0.982,0.981,0
Z1314,0.982,0.982,0
Z4627,0.982,0.982,0
Z0501,0.982,0.982,0
Z4130,0.982,0.982,0
Z3454,0.982,0.982,0
Z3458,0.982,0.982,0
Z3456,0.982,0.982,0
Z4625,0.982,0.982,0
Z3455,0.982,0.982,0
Z4004,0.982,0.982,0
Z4522,0.982,0.982,0
Z3457,0.982,0.982,0
Z5174,0.982,0.982,0
Z2742,0.982,0.982,0
Z2743,0.982,0.982,0
Z2238,0.982,0.982,0
Z5994,0.982,0.982,0
Z4227,0.982,0.982,0
Z0715,0.982,0.982,0
Z0082,0.982,-0.0,1
Z1956,0.982,0.982,0
Z0080,0.982,0.0,1
Z4308,0.982,0.982,0
Z4893,0.982,0.982,0
Z0081,0.982,0.0,1
Z4341,0.982,0.982,0
Z0083,0.982,-0.0,1
Z3838,0.982,0.982,0
Z1264,0.982,-0.0,1
Z4256,0.982,0.982,0
Z5219,0.982,0.982,0
Z4561,0.982,0.0,1
Z5217,0.982,0.982,0
Z4254,0.982,0.982,0
Z1986,0.982,0.0,1
Z5218,0.982,0.982,0
Z5805,0.982,0.982,0
Z5216,0.982,0.982,0
Z0845,0.982,0.982,0
Z5342,0.982,0.982,0
Z5023,0.982,0.982,0
Z5920,0.982,0.982,0
Z1003,0.982,0.0,1
Z3212,0.982,0.982,0
Z0843,0.982,0.982,0
Z4767,0.982,0.0,1
Z5057,0.982,0.0,1
Z0844,0.982,0.982,0
Z3689,0.982,0.982,0
Z5545,0.982,0.0,1
Z4618,0.982,0.982,0
Z2499,0.982,0.982,0
Z1509,0.982,0.982,0
Z3690,0.982,0.982,0
Z2028,0.982,0.982,0
Z0933,0.982,0.982,0
Z5371,0.982,0.982,0
Z2332,0.982,0.982,0
Z4660,0.982,0.982,0
Z1105,0.982,0.982,0
Z3765,0.982,0.982,0
Z5462,0.982,0.982,0
Z0935,0.982,0.982,0
Z5248,0.982,0.982,0
Z0934,0.982,0.982,0
Z3687,0.982,0.982,0
Z5837,0.982,0.982,0
Z1069,0.982,0.982,0
Z3688m,0.982,0.982,0
Z1515,0.982,0.982,0
Z4710,0.982,0.982,0
Z0468,0.982,0.0,1
Z4216,0.982,0.982,0
Z0145,0.982,0.0,1
Z0053,0.982,0.982,0
Z0009,0.982,0.0,1
Z5514,0.982,0.979,0
Z5063,0.982,0.0,1
Z5032,0.982,0.982,0
Z4758,0.982,0.982,0
Z3786,0.982,0.982,0
Z0384,0.982,0.982,0
Z1707,0.982,0.0,1
Z1004,0.982,0.0,1
Z4257,0.982,0.982,0
Z3764,0.982,0.969,0
Z0385,0.982,0.982,0
Z5985,0.982,0.982,0
Z1049,0.982,-0.0,1
Z0386,0.982,0.982,0
Z5372,0.982,0.0,1
Z3515,0.982,0.982,0
Z3807,0.982,0.982,0
Z1507,0.982,0.982,0
Z0440,0.982,0.982,0
Z0684,0.982,0.971,0
Z2731,0.982,0.982,0
Z3381,0.982,0.982,0
Z0479,0.982,0.982,0
Z5496,0.982,-0.0,1
Z2448,0.982,0.982,0
Z1696,0.982,0.982,0
Z5582,0.982,0.0,1
Z0860,0.982,0.982,0
Z3762,0.982,-0.0,1
Z3188,0.982,0.0,1
Z3677,0.982,0.982,0
Z5733,0.982,0.982,0
Z5571,0.982,0.982,0
Z3735,0.982,0.0,1
Z4896,0.982,0.982,0
Z2646,0.982,0.982,0
Z1748,0.982,0.982,0
Z4116,0.982,0.982,0
Z3835,0.982,-0.0,1
Z3428,0.982,0.982,0
Z3186,0.982,-0.0,1
Z3537,0.982,0.874,0
Z0439,0.982,0.982,0
Z3536,0.982,0.874,0
Z0206,0.982,0.982,0
Z2329,0.982,0.982,0
Z1978,0.982,0.982,0
Z3539,0.982,0.874,0
Z3382,0.982,0.982,0
Z3534,0.982,0.874,0
Z1254,0.982,-0.0,1
Z5652,0.982,0.982,0
Z5766,0.982,0.0,1
Z5989,0.982,0.961,0
Z3545,0.982,0.874,0
Z3540,0.982,0.874,0
Z0789,0.982,0.982,0
Z3538,0.982,0.874,0
Z3547,0.982,0.874,0
Z3870,0.982,0.0,1
Z4829,0.982,0.982,0
Z3559,0.982,0.982,0
Z3544,0.982,0.874,0
Z2669,0.982,0.982,0
Z3543,0.982,0.874,0
Z3541,0.982,0.874,0
Z3546,0.982,0.874,0
Z3714,0.982,0.982,0
Z0767,0.982,0.982,0
Z5058,0.982,0.0,1
Z3542,0.982,0.874,0
Z5988,0.982,0.982,0
Z0775,0.982,0.982,0
Z3908,0.982,0.0,1
Z0838,0.982,0.982,0
Z0773,0.982,0.982,0
Z3258,0.982,0.982,0
Z4426,0.982,0.982,0
Z2276,0.982,0.982,0
Z4379,0.982,0.982,0
Z3259,0.982,0.982,0
Z2770,0.982,0.0,1
Z0176,0.982,-0.0,1
Z1082,0.982,0.982,0
Z3739,0.982,0.982,0
Z0075,0.982,0.982,0
Z1831,0.982,0.982,0
Z5521,0.982,0.982,0
Z2597,0.982,0.982,0
Z0077,0.982,0.982,0
Z2600,0.982,0.982,0
Z0076,0.982,0.982,0
Z1279,0.982,0.982,0
Z1763,0.982,0.982,0
Z5043,0.982,0.982,0
Z1762,0.982,0.982,0
Z2279,0.982,0.982,0
Z1949,0.982,0.982,0
Z4469,0.982,0.982,0
Z0018,0.982,0.982,0
Z1083,0.982,0.982,0
Z2278,0.982,0.982,0
Z5283,0.982,0.982,0
Z1830,0.982,0.982,0
Z1081,0.982,0.982,0
Z2277,0.982,0.982,0
Z1084,0.982,0.982,0
Z3781,0.982,0.982,0
Z0563,0.982,0.982,0
Z2748,0.982,0.982,0
Z2492,0.982,0.982,0
Z5344,0.982,0.982,0
Z2648,0.982,0.982,0
Z4018,0.982,0.982,0
Z5566,0.982,0.0,1
Z4019,0.982,0.982,0
Z0526,0.982,0.0,1
Z5347,0.982,0.982,0
Z2906,0.982,0.982,0
Z5567,0.982,0.0,1
Z4872,0.982,0.982,0
Z5564,0.982,0.0,1
Z4870,0.982,0.982,0
Z2704,0.982,0.982,0
Z3721,0.982,-0.0,1
Z5353,0.982,0.982,0
Z1511,0.982,0.982,0
Z4869,0.982,0.982,0
Z1415,0.982,0.982,0
Z4868,0.982,0.982,0
Z4871,0.982,0.982,0
Z5991,0.982,0.982,0
Z1506,0.982,0.982,0
Z4380,0.982,0.982,0
Z1414,0.982,0.982,0
Z4144,0.982,0.0,1
Z2720,0.982,0.982,0
Z0786,0.982,-0.0,1
Z0920,0.982,0.982,0
Z1745,0.982,0.982,0
Z2802,0.982,0.982,0
Z0919,0.982,0.0,1
Z3151,0.982,0.982,0
Z0519,0.982,0.0,1
Z0119,0.982,0.0,1
Z5568,0.982,0.0,1
Z4728m,0.982,0.982,0
Z5464,0.982,0.947,0
Z5697,0.982,0.982,0
Z0757,0.982,0.982,0
Z2688,0.982,0.0,1
Z1232,0.982,0.982,0
Z0516,0.982,0.0,1
Z2000,0.982,0.982,0
Z5849,0.982,0.982,0
Z3462,0.982,0.982,0
Z2950,0.982,0.982,0
Z3463,0.982,0.982,0
Z3461,0.982,0.982,0
Z5253,0.982,0.982,0
Z2949,0.982,0.982,0
Z4932,0.982,0.982,0
Z0072,0.982,0.982,0
Z0069,0.982,0.982,0
Z3459,0.982,0.982,0
Z3460,0.982,0.982,0
Z1968,0.982,0.982,0
Z2247,0.982,0.982,0
Z5807,0.982,0.982,0
Z5850,0.982,0.982,0
Z2001,0.982,0.982,0
Z2551,0.982,0.0,1
Z3988,0.982,0.0,1
Z5251,0.982,0.982,0
Z2550,0.982,0.0,1
Z5252,0.982,0.982,0
Z2246,0.982,0.982,0
Z4737,0.982,0.982,0
Z2003,0.982,0.982,0
Z5250,0.982,0.982,0
Z5204,0.982,0.982,0
Z5249,0.982,0.982,0
Z2004,0.982,0.982,0
Z2002,0.982,0.982,0
Z4477,0.982,0.982,0
Z3828,0.982,0.982,0
Z5448,0.982,0.982,0
Z0663,0.982,0.982,0
Z5446,0.982,0.982,0
Z5975,0.982,0.982,0
Z5565,0.982,0.0,1
Z3552,0.982,0.982,0
Z3489,0.982,0.982,0
Z2650,0.982,0.982,0
Z3491,0.982,0.982,0
Z4052,0.982,0.982,0
Z2963,0.982,0.982,0
Z0599,0.982,0.982,0
Z3977,0.982,0.982,0
Z0800,0.982,0.982,0
Z0191,0.982,-0.0,1
Z3978,0.982,0.982,0
Z0095,0.982,0.0,1
Z5767,0.982,0.982,0
Z5996,0.982,0.982,0
Z5298,0.982,0.982,0
Z5847,0.982,0.982,0
Z5297,0.982,0.982,0
Z5848,0.982,0.982,0
Z0193,0.982,0.0,1
Z4739,0.982,0.978,0
Z4552,0.982,0.0,1
Z4252,0.982,0.334,0
Z1397,0.982,0.982,0
Z4096,0.982,0.982,0
Z0785,0.982,0.982,0
Z0100,0.982,0.0,1
Z0098,0.982,0.0,1
Z4299,0.982,0.982,0
Z2709,0.982,0.982,0
Z0101,0.982,0.0,1
Z2711,0.982,0.982,0
Z5543,0.982,-0.0,1
Z2710,0.982,0.982,0
Z4410,0.982,0.982,0
Z2708,0.982,0.982,0
Z2791,0.982,0.982,0
Z1068,0.982,0.982,0
Z2707,0.982,0.982,0
Z0185,0.982,0.0,1
Z2712,0.982,0.982,0
Z0171,0.982,0.982,0
Z0929,0.982,0.982,0
Z4727,0.982,0.982,0
Z0280,0.982,0.982,0
Z3190,0.982,0.982,0
Z2777,0.982,0.982,0
Z4726,0.982,0.982,0
Z3513,0.982,0.982,0
Z5671,0.982,0.982,0
Z4059,0.982,0.0,1
Z3511,0.982,0.982,0
Z5670,0.982,0.982,0
Z0928,0.982,0.982,0
Z5669,0.982,0.982,0
Z0659,0.982,0.982,0
Z5672,0.982,0.982,0
Z4060,0.982,0.0,1
Z4012,0.982,0.982,0
Z4006,0.982,0.982,0
Z0096,0.982,0.0,1
Z4009,0.982,0.982,0
Z0106,0.982,0.0,1
Z4011,0.982,0.982,0
Z3517,0.982,0.982,0
wbbJ,0.982,0.982,0
Z3730,0.982,-0.0,1
Z3516,0.982,0.982,0
Z1248,0.982,0.982,0
Z5843,0.982,0.982,0
Z1246,0.982,0.982,0
Z0182,0.982,0.982,0
Z5012,0.982,0.982,0
Z3514,0.982,0.982,0
Z2797,0.982,0.982,0
Z4466,0.982,0.982,0
Z3512,0.982,0.982,0
Z3862,0.982,0.982,0
Z3524,0.982,0.982,0
Z5317,0.982,0.982,0
Z0727,0.982,0.982,0
Z5866,0.982,-0.0,1
Z5318,0.982,-0.0,1
Z4550,0.982,0.0,1
Z5034,0.982,0.0,1
Z5572,0.982,-0.0,1
Z3761,0.982,0.982,0
Z3628,0.982,0.982,0
Z1253,0.982,0.0,1
Z0811,0.982,0.982,0
Z1510,0.982,0.982,0
Z2525,0.982,0.0,1
Z4464,0.982,0.982,0
Z3760,0.982,0.982,0
Z1505,0.982,0.982,0
Z2857,0.982,0.982,0
Z4244,0.982,0.982,0
Z0672,0.982,0.982,0
Z0448,0.982,0.982,0
Z1239,0.982,0.982,0
Z0679,0.982,0.0,1
Z4468,0.982,0.982,0
Z5870,0.982,0.982,0
Z5364,0.982,0.0,1
Z3983,0.982,0.982,0
Z3573,0.982,0.0,1
Z4113,0.982,0.982,0
Z3984,0.982,0.982,0
Z5357,0.982,0.982,0
Z4997,0.982,0.982,0
Z4310,0.982,0.982,0
Z5066,0.982,0.0,1
Z4442,0.982,0.982,0
Z5806,0.982,0.982,0
Z4221,0.982,0.982,0
Z0455,0.982,0.982,0
Z3410,0.982,0.982,0
Z3637,0.982,0.982,0
Z1513,0.982,0.982,0
Z4990,0.982,0.982,0
Z2776,0.982,0.982,0
Z2778,0.982,0.982,0
Z4992,0.982,0.982,0
Z0482,0.982,0.0,1
Z3523,0.982,0.982,0
Z4993,0.982,0.982,0
Z4729,0.982,-0.0,1
Z0144,0.982,-0.0,1
Z4991,0.982,0.982,0
Z2529,0.982,0.982,0
Z4652,0.982,0.982,0
Z5629,0.982,0.982,0
Z2911,0.982,0.982,0
Z4743,0.982,0.982,0
Z0097,0.982,0.0,1
Z2909,0.982,0.982,0
Z4072,0.982,-0.0,1
Z0484,0.982,0.982,0
Z2910,0.982,0.982,0
Z2221m,0.982,0.982,0
Z3610,0.982,0.982,0
Z0124,0.982,0.965,0
Z5494,0.982,0.0,1
Z1190,0.982,0.982,0
Z3138,0.982,0.982,0
Z0125,0.982,0.965,0
Z2652,0.982,0.982,0
Z4976,0.982,0.982,0
Z3845,0.982,0.0,1
Z1977,0.982,0.982,0
Z2766,0.982,0.982,0
Z0061,0.982,0.0,1
Z2767,0.982,0.982,0
Z0936,0.982,0.982,0
Z2768,0.982,0.982,0
Z3582,0.982,0.0,1
Z2571,0.982,0.982,0
Z1191,0.982,0.982,0
Z4964,0.982,0.982,0
Z1631,0.982,0.982,0
Z2594,0.982,0.982,0
Z2593,0.982,0.982,0
Z3611,0.982,0.982,0
Z5453,0.982,0.982,0
Z2678,0.982,0.982,0
Z3888,0.982,0.982,0
Z2661,0.982,0.982,0
xapA,0.982,0.982,0
Z2178,0.982,0.982,0
Z4577,0.982,0.982,0
Z3959,0.982,0.982,0
Z3520,0.982,0.982,0
Z3521,0.982,0.982,0
Z4576,0.982,0.982,0
Z0877,0.982,0.957,0
Z1145,0.982,0.982,0
Z0876,0.982,0.957,0
Z0878,0.982,0.957,0
Z1582,0.982,0.982,0
Z0875,0.982,0.957,0
Z1583,0.982,0.982,0
Z0883,0.982,0.98,0
Z1143,0.982,0.982,0
Z0882,0.982,0.98,0
Z1144,0.982,0.982,0
Z2184,0.982,0.982,0
Z0008,0.982,0.982,0
Z1584,0.982,0.982,0
Z3720,0.982,0.982,0
Z4164,0.982,0.982,0
Z4414,0.982,0.982,0
Z4415,0.982,0.982,0
Z3504,0.982,0.982,0
Z2190,0.982,0.982,0
Z4416,0.982,0.982,0
Z2191,0.982,0.982,0
Z0467,0.982,0.982,0
Z4497m,0.982,0.982,0
Z5301,0.982,0.982,0
Z3625,0.982,0.982,0
Z5302,0.982,0.982,0
Z4494,0.982,0.982,0
Z5299,0.982,0.982,0
Z4493,0.982,0.982,0
Z1261,0.982,0.0,1
Z4488,0.982,0.982,0
Z4491,0.982,0.982,0
Z4492,0.982,0.982,0
Z3623,0.982,0.982,0
Z4484,0.982,0.982,0
Z0788,0.982,0.982,0
Z0063,0.982,0.982,0
Z4485,0.982,0.982,0
Z4487,0.982,0.982,0
Z4489,0.982,0.982,0
Z4486,0.982,0.982,0
Z2334,0.982,0.982,0
Z3206,0.982,0.982,0
Z4881,0.982,0.982,0
Z5051,0.982,0.982,0
Z5613,0.982,0.982,0
